SINGLE   ILE   CG1   CB   CG2   LG1   Ntrp   COO   ONH2 ### REMARK def_pdb_lig.pdb ILE44 cry Packing score: -1.985355 Hbond score: 0.000000
RT 0.0769232 0.95279 -0.293725 0.0586897 -0.298414 -0.95263 -0.995308 0.0560407 -0.0788739 -3.42051 -2.19463 -2.27177  
SINGLE   ILE   CG1   CB   CG2   LG1   CH1   Ntrp   COO ### REMARK def_pdb_lig.pdb ILE44 cry Packing score: -1.985355 Hbond score: 0.000000
RT 0.834892 0.449405 -0.317791 -0.238697 -0.224629 -0.944757 -0.495964 0.864625 -0.0802696 -3.31874 -2.11697 -3.58866  
SINGLE   GLN   OE1   CD   NE2   LG1   COO   Ntrp   OH ### REMARK def_pdb_lig.pdb GLN50 cry Packing score: -1.237496 Hbond score: 0.000000
RT -0.554769 -0.793213 0.251085 0.7937 -0.41404 0.445657 -0.249542 0.446524 0.85927 3.24408 2.83346 0.839528  
SINGLE   GLN   OE1   CD   NE2   LG1   Ntrp   COO   ONH2 ### REMARK def_pdb_lig.pdb GLN50 cry Packing score: -1.237496 Hbond score: 0.000000
RT 0.554769 -0.810038 -0.18992 -0.7937 -0.446792 -0.412816 0.249542 0.379757 -0.890794 2.51329 3.87898 0.51081  
SINGLE   GLN   OE1   CD   NE2   LG1   CH2   COO   Ntrp ### REMARK def_pdb_lig.pdb GLN50 cry Packing score: -1.237496 Hbond score: 0.000000
RT 0.415013 0.889695 -0.19028 0.788312 -0.456052 -0.413015 -0.454235 0.0214063 -0.890625 2.51329 3.87898 0.51081  
SINGLE   GLU   OE1   CD   OE2   LG1   Npro   COO   ONH2 ### REMARK def_pdb_lig.pdb GLU88 cry Packing score: -1.428042 Hbond score: 0.000000
RT -0.798042 -0.479749 0.36465 0.0571716 0.542119 0.838355 -0.599884 0.68989 -0.405205 -0.0649539 -6.18926 -3.80275  
SINGLE   GLU   OE1   CD   OE2   LG1   CH2   CH2   CH2 ### REMARK def_pdb_lig.pdb GLU88 cry Packing score: -1.428042 Hbond score: 0.000000
RT -0.949426 -0.305436 0.0727932 0.116016 -0.556671 -0.822592 0.291771 -0.772545 0.563954 2.32881 -2.18587 -3.87099  
SINGLE   LEU   CD1   CG   CD2   LG1   Ntrp   COO   ONH2 ### REMARK def_pdb_lig.pdb LEU90 cry Packing score: -2.052830 Hbond score: 0.000000
RT 0.597694 -0.362815 0.714931 -0.743775 -0.5838 0.32554 0.299266 -0.726321 -0.618787 0.422753 -3.11502 2.66358  
SINGLE   LEU   CD1   CG   CD2   LG1   CH1   CH2   COO ### REMARK def_pdb_lig.pdb LEU90 cry Packing score: -2.052830 Hbond score: 0.000000
RT -0.523865 -0.183534 0.831794 -0.0906053 -0.958965 -0.268658 0.846969 -0.216105 0.485739 0.435728 -1.77168 3.38436  
SINGLE   ARG   NH1   CZ   NH2   LG1   CH3   CH1   CH1 ### REMARK def_pdb_lig.pdb ARG96 cry Packing score: -2.054947 Hbond score: 0.000000
RT 0.647794 0.493366 -0.580477 0.573233 0.18619 0.797958 0.501765 -0.849661 -0.162201 -3.08533 0.412937 -3.38319  
SINGLE   LEU   CD1   CG   CD2   LG1   CH3   CH2   CH2 ### REMARK def_pdb_lig.pdb LEU124 cry Packing score: -1.547621 Hbond score: 0.000000
RT -0.759506 -0.630751 0.159069 0.13409 0.0874762 0.987101 -0.63653 0.771039 0.0181384 4.97019 -0.104441 3.65009  
SINGLE   GLU   OE1   CD   OE2   LG1   COO   Ntrp   OH ### REMARK def_pdb_lig.pdb GLU131 cry Packing score: -1.589404 Hbond score: 0.000000
RT 0.054429 0.927013 -0.371059 0.987326 -0.105446 -0.118609 -0.149078 -0.3599 -0.921004 0.844673 3.26094 -0.337781  
SINGLE   GLU   OE1   CD   OE2   LG1   Ntrp   COO   ONH2 ### REMARK def_pdb_lig.pdb GLU131 cry Packing score: -1.589404 Hbond score: 0.000000
RT -0.054429 0.95259 0.29935 -0.987326 -0.0961027 0.126298 0.149078 -0.288682 0.945748 0.916372 4.56153 -0.53416  
SINGLE   GLU   OE1   CD   OE2   LG1   CH2   CH1   COO ### REMARK def_pdb_lig.pdb GLU131 cry Packing score: -1.589404 Hbond score: 0.000000
RT -0.518149 -0.855102 0.0179542 -0.85529 0.51806 -0.00963096 -0.00106592 -0.0203464 -0.999792 -1.26514 5.3165 -1.45381  
SINGLE   GLU   OE1   CD   OE2   LG1   CH1   CH2   COO ### REMARK def_pdb_lig.pdb GLU131 cry Packing score: -1.589404 Hbond score: 0.000000
RT -0.632817 0.624222 -0.458137 -0.0890986 -0.646451 -0.757735 -0.769158 -0.438688 0.464703 -0.291472 5.45359 -0.270362  
SINGLE   ARG   NH1   CZ   NH2   LG1   OOC   COO   OOC ### REMARK nram_pdb_lig.pdb ARG24 cry Packing score: -1.239659 Hbond score: 0.000000
RT 0.289504 -0.266338 -0.919375 0.93494 -0.127149 0.33124 -0.20512 -0.955456 0.2122 0.469913 4.51959 1.44546  
SINGLE   ARG   NH1   CZ   NH2   LG1   aroC   aroC   aroC ### REMARK nram_pdb_lig.pdb ARG24 cry Packing score: -1.239659 Hbond score: 0.000000
RT 0.139499 0.375269 -0.916359 -0.276537 0.903352 0.327845 0.950824 0.207673 0.229793 0.286289 2.77694 3.27612  
SINGLE   ARG   NH1   CZ   NH2   LG1   aroC   COO   OOC ### REMARK nram_pdb_lig.pdb ARG24 cry Packing score: -1.239659 Hbond score: 0.000000
RT 0.120274 0.379039 -0.917531 -0.292528 0.896736 0.332102 0.948663 0.228461 0.218734 0.469913 4.51959 1.44546  
SINGLE   GLU   OE1   CD   OE2   LG1   COO   CH2   OH ### REMARK nram_pdb_lig.pdb GLU25 cry Packing score: -1.588302 Hbond score: 0.000000
RT -0.713695 0.00652294 0.700426 0.150674 0.977977 0.144421 -0.684059 0.208609 -0.698961 0.205788 -1.32935 -4.17783  
SINGLE   GLU   OE1   CD   OE2   LG1   aroC   aroC   Npro ### REMARK nram_pdb_lig.pdb GLU25 cry Packing score: -1.588302 Hbond score: 0.000000
RT 0.252869 0.899564 0.356147 0.423733 -0.4339 0.795098 0.869775 -0.0501446 -0.490895 -2.07897 1.19365 -4.83201  
SINGLE   GLU   OE1   CD   OE2   LG1   aroC   aroC   COO ### REMARK nram_pdb_lig.pdb GLU25 cry Packing score: -1.588302 Hbond score: 0.000000
RT 0.912941 -0.227122 -0.339051 -0.159622 0.56589 -0.808881 0.37558 0.792581 0.48037 -3.94334 2.84839 -3.42884  
SINGLE   ASP   OD1   CG   OD2   LG1   Npro   COO   ONH2 ### REMARK nram_pdb_lig.pdb ASP56 cry Packing score: -3.001552 Hbond score: 0.000000
RT 0.663599 0.38863 -0.639221 0.0887638 0.807531 0.583108 0.742804 -0.443689 0.501381 -3.37737 -0.927681 2.84311  
SINGLE   ASP   OD1   CG   OD2   LG1   aroC   aroC   Npro ### REMARK nram_pdb_lig.pdb ASP56 cry Packing score: -3.001552 Hbond score: 0.000000
RT 0.94396 -0.215606 -0.249909 -0.152127 -0.956146 0.250284 -0.292912 -0.198239 -0.935363 -1.52244 0.228894 3.88786  
SINGLE   ASP   OD1   CG   OD2   LG1   aroC   aroC   COO ### REMARK nram_pdb_lig.pdb ASP56 cry Packing score: -3.001552 Hbond score: 0.000000
RT 0.271033 0.933432 0.235043 -0.904507 0.330499 -0.269514 -0.329255 -0.139551 0.933872 0.387303 2.35635 3.98658  
SINGLE   ASP   OD1   CG   OD2   LG1   COO   Npro   COO ### REMARK nram_pdb_lig.pdb ASP56 cry Packing score: -3.001552 Hbond score: 0.000000
RT -0.663599 -0.390552 -0.638048 -0.0887638 -0.805773 0.585535 -0.742804 0.445196 0.500043 -2.46611 -0.805789 3.86313  
SINGLE   ASP   OD1   CG   OD2   LG1   COO   CH2   OH ### REMARK nram_pdb_lig.pdb ASP56 cry Packing score: -3.001552 Hbond score: 0.000000
RT -0.576939 0.487175 -0.655592 0.80224 0.4888 -0.342762 0.153469 -0.723695 -0.672839 -1.74299 -3.14222 4.6628  
SINGLE   ARG   NH1   CZ   NH2   LG1   Npro   COO   ONH2 ### REMARK nram_pdb_lig.pdb ARG57 cry Packing score: -2.558207 Hbond score: 0.000000
RT 0.96214 0.268606 0.0462284 -0.267091 0.895404 0.35625 0.0542977 -0.35511 0.933246 4.24389 -1.99716 0.647291  
SINGLE   ARG   NH1   CZ   NH2   LG1   COO   Npro   COO ### REMARK nram_pdb_lig.pdb ARG57 cry Packing score: -2.558207 Hbond score: 0.000000
RT -0.96214 -0.268465 0.0470366 0.267091 -0.894328 0.358943 -0.0542977 0.357917 0.932173 5.56511 -2.36393 0.721853  
SINGLE   ARG   NH1   CZ   NH2   LG1   CH2   CH2   COO ### REMARK nram_pdb_lig.pdb ARG57 cry Packing score: -2.558207 Hbond score: 0.000000
RT -0.655819 0.729537 -0.194108 0.514614 0.243903 -0.822 -0.552336 -0.638974 -0.535386 4.38158 -3.93399 1.99477  
SINGLE   TRP   CG   CD2   CE2   LG1   COO   CH2   OH ### REMARK nram_pdb_lig.pdb TRP84 cry Packing score: -1.047806 Hbond score: 0.000000
RT -0.852559 0.519699 0.0552766 -0.0486175 -0.184172 0.981691 0.520364 0.834262 0.182284 -0.199602 -6.34266 0.282603  
SINGLE   TRP   CG   CD2   CE2   LG1   CH2   CH2   COO ### REMARK nram_pdb_lig.pdb TRP84 cry Packing score: -1.047806 Hbond score: 0.000000
RT -0.411183 0.0875097 -0.907342 -0.557492 -0.811666 0.174358 -0.721201 0.577529 0.38253 -1.61459 -4.20042 2.09336  
SINGLE   TRP   CG   CD2   CE2   LG1   CH2   COO   Npro ### REMARK nram_pdb_lig.pdb TRP84 cry Packing score: -1.047806 Hbond score: 0.000000
RT -0.462725 0.0556288 0.884755 0.883649 0.10895 0.455296 -0.0710663 0.992489 -0.0995701 -1.53221 -6.41865 1.09597  
SINGLE   SER   OG   CB   CA   LG1   CH2   COO   Npro ### REMARK nram_pdb_lig.pdb SER85 cry Packing score: -1.076597 Hbond score: 0.000000
RT -0.0744192 -0.477204 -0.875636 -0.674012 -0.623074 0.396846 -0.734962 0.619722 -0.275272 0.0727031 -0.738181 4.50245  
SINGLE   ARG   NH1   CZ   NH2   LG1   CH2   CH1   Ntrp ### REMARK nram_pdb_lig.pdb ARG129 cry Packing score: -2.976481 Hbond score: 0.000000
RT 0.781476 0.486269 -0.390944 0.53958 -0.841321 0.0321305 -0.313285 -0.236055 -0.919853 -2.77166 -2.87608 3.89866  
SINGLE   ARG   NH1   CZ   NH2   LG1   CH2   COO   Npro ### REMARK nram_pdb_lig.pdb ARG129 cry Packing score: -2.976481 Hbond score: 0.000000
RT 0.826264 0.159354 0.540272 0.429078 0.44335 -0.786977 -0.364938 0.88207 0.297949 -1.18976 -7.31765 2.04622  
SINGLE   GLU   OE1   CD   OE2   LG1   COO   CH2   OH ### REMARK nram_pdb_lig.pdb GLU132 cry Packing score: -1.604503 Hbond score: 0.000000
RT 0.157947 -0.919796 -0.359206 0.754117 0.347199 -0.557459 0.637465 -0.182834 0.748472 -3.41028 0.262276 2.23009  
SINGLE   GLU   OE1   CD   OE2   LG1   COO   CH2   OH ### REMARK nram_pdb_lig.pdb GLU132 cry Packing score: -1.604503 Hbond score: 0.000000
RT -0.979366 -0.18047 -0.0909514 -0.0583724 -0.178253 0.982252 -0.193479 0.967293 0.16404 -1.63146 1.53758 3.53341  
SINGLE   GLU   OE1   CD   OE2   LG1   CH3   CH2   CH1 ### REMARK nram_pdb_lig.pdb GLU180 cry Packing score: -1.654517 Hbond score: 0.000000
RT -0.943069 0.281193 -0.177624 0.319549 0.914154 -0.24942 0.0922407 -0.291981 -0.951966 2.95741 1.20534 2.10879  
SINGLE   GLU   OE1   CD   OE2   LG1   CH2   CH1   Ntrp ### REMARK nram_pdb_lig.pdb GLU180 cry Packing score: -1.654517 Hbond score: 0.000000
RT -0.664168 0.729458 0.163625 -0.683432 -0.681159 0.26257 0.302988 0.0625643 0.950938 3.99197 2.26991 1.63684  
SINGLE   GLU   OE1   CD   OE2   LG1   CH2   CH1   Ntrp ### REMARK nram_pdb_lig.pdb GLU180 cry Packing score: -1.654517 Hbond score: 0.000000
RT -0.215621 0.884039 -0.414708 0.37452 -0.317347 -0.871221 -0.9018 -0.34317 -0.262663 3.99197 2.26991 1.63684  
SINGLE   GLU   OE1   CD   OE2   LG1   aroC   Ntrp   CH1 ### REMARK nram_pdb_lig.pdb GLU180 cry Packing score: -1.654517 Hbond score: 0.000000
RT 0.657198 -0.638369 -0.400719 -0.106473 0.447695 -0.887825 0.74616 0.626143 0.226255 5.33389 1.64907 1.57736  
SINGLE   GLU   OE1   CD   OE2   LG1   COO   CH2   OH ### REMARK nram_pdb_lig.pdb GLU181 cry Packing score: -1.959498 Hbond score: 0.000000
RT -0.559345 0.112265 0.821297 0.680808 -0.503017 0.532424 0.472899 0.856954 0.204929 -3.68782 2.14511 0.834172  
SINGLE   GLU   OE1   CD   OE2   LG1   CH2   COO   Npro ### REMARK nram_pdb_lig.pdb GLU181 cry Packing score: -1.959498 Hbond score: 0.000000
RT 0.559345 0.800403 -0.215612 -0.680808 0.295191 -0.670345 -0.472899 0.521745 0.710034 -4.56607 3.21406 1.57669  
SINGLE   ARG   NH1   CZ   NH2   LG1   OOC   COO   OOC ### REMARK nram_pdb_lig.pdb ARG196 cry Packing score: -3.049022 Hbond score: 0.000000
RT 0.610367 0.146262 0.778498 -0.746231 0.435821 0.503188 -0.265689 -0.888069 0.375156 0.00364776 5.09228 0.456096  
SINGLE   ARG   NH1   CZ   NH2   LG1   CH3   CH2   CH1 ### REMARK nram_pdb_lig.pdb ARG196 cry Packing score: -3.049022 Hbond score: 0.000000
RT 0.681859 0.651401 -0.332783 -0.703313 0.458787 -0.543015 -0.201044 0.60431 0.770967 0.131109 0.54358 3.56032  
SINGLE   ARG   NH1   CZ   NH2   LG1   CH2   CH1   Ntrp ### REMARK nram_pdb_lig.pdb ARG196 cry Packing score: -3.049022 Hbond score: 0.000000
RT -0.289022 -0.891053 0.349986 -0.719487 0.443346 0.534587 -0.63151 -0.0973033 -0.769238 0.58131 1.66431 4.54401  
SINGLE   ARG   NH1   CZ   NH2   LG1   aroC   aroC   aroC ### REMARK nram_pdb_lig.pdb ARG196 cry Packing score: -3.049022 Hbond score: 0.000000
RT -0.225841 -0.598257 0.76882 0.785698 0.354708 0.506814 -0.575911 0.71852 0.389942 -0.273318 3.87836 2.6216  
SINGLE   ASN   OD1   CG   ND2   LG1   CH3   CH2   CH1 ### REMARK nram_pdb_lig.pdb ASN198 cry Packing score: -1.187049 Hbond score: 0.000000
RT -0.283992 -0.513991 -0.80942 -0.272241 0.852661 -0.445931 0.919366 0.0937165 -0.382079 0.0691612 0.212646 -4.86133  
SINGLE   TYR   CE1   CZ   CE2   LG1   aroC   COO   OOC ### REMARK nram_pdb_lig.pdb TYR303 cry Packing score: -2.065857 Hbond score: 0.000000
RT -0.969929 0.226938 0.0879657 0.196407 0.516338 0.833558 0.143746 0.825769 -0.545384 0.520535 -3.72299 1.96528  
SINGLE   TYR   CE1   CZ   CE2   LG1   aroC   aroC   Ntrp ### REMARK nram_pdb_lig.pdb TYR303 cry Packing score: -2.065857 Hbond score: 0.000000
RT 0.9771 -0.188104 0.0994619 -0.18497 -0.519836 0.834 -0.105175 -0.833299 -0.542726 -3.25056 -3.66214 1.41203  
SINGLE   TYR   CE1   CZ   CE2   LG1   OOC   COO   OOC ### REMARK nram_pdb_lig.pdb TYR303 cry Packing score: -2.065857 Hbond score: 0.000000
RT 0.216252 0.972816 -0.0828561 -0.54532 0.0499556 -0.836738 -0.809852 0.226129 0.541299 0.520535 -3.72299 1.96528  
SINGLE   TYR   CE1   CZ   CE2   LG1   aroC   aroC   aroC ### REMARK nram_pdb_lig.pdb TYR303 cry Packing score: -2.065857 Hbond score: 0.000000
RT 0.973568 -0.205102 0.100487 -0.194974 -0.5172 0.83336 -0.118952 -0.830925 -0.54352 -2.74682 -2.38045 3.45604  
SINGLE   TYR   CE1   CZ   CE2   LG1   aroC   Ntrp   CH1 ### REMARK nram_pdb_lig.pdb TYR303 cry Packing score: -2.065857 Hbond score: 0.000000
RT 0.678945 0.677213 0.283577 0.341852 -0.633419 0.694203 0.649746 -0.374384 -0.661563 -4.18922 -4.13476 0.513741  
SINGLE   TYR   CE1   CZ   CE2   LG1   CH2   CH2   CH1 ### REMARK fa10_pdb_lig.pdb TYR82 cry Packing score: -3.974865 Hbond score: 0.000000
RT -0.699396 0.687184 -0.196531 -0.651414 -0.49971 0.57092 0.294119 0.527322 0.797136 0.340844 -0.0643661 3.91499  
SINGLE   TYR   CE1   CZ   CE2   LG1   CH2   Npro   COO ### REMARK fa10_pdb_lig.pdb TYR82 cry Packing score: -3.974865 Hbond score: 0.000000
RT -0.178591 0.894813 -0.409164 0.981213 0.131122 -0.141524 -0.072987 -0.426751 -0.901419 2.72712 0.442797 3.97038  
SINGLE   TYR   CE1   CZ   CE2   LG1   CH2   Ntrp   COO ### REMARK fa10_pdb_lig.pdb TYR82 cry Packing score: -3.974865 Hbond score: 0.000000
RT -0.0850284 -0.911626 0.402131 0.991276 -0.0366047 0.126618 -0.100708 0.409388 0.906785 4.8661 0.701834 2.9822  
SINGLE   PHE   CE1   CZ   CE2   LG1   Ntrp   COO   ONH2 ### REMARK fa10_pdb_lig.pdb PHE153 cry Packing score: -4.391671 Hbond score: 0.000000
RT 0.929927 0.201587 0.307569 0.294674 -0.908835 -0.295271 0.220007 0.365214 -0.904553 1.65924 -0.767355 -3.59535  
SINGLE   PHE   CE1   CZ   CE2   LG1   Npro   COO   ONH2 ### REMARK fa10_pdb_lig.pdb PHE153 cry Packing score: -4.391671 Hbond score: 0.000000
RT -0.676503 -0.670583 -0.304405 0.602572 -0.741664 0.29469 -0.42338 0.0159331 0.905812 1.65924 -0.767355 -3.59535  
SINGLE   PHE   CE1   CZ   CE2   LG1   CH2   CH2   CH2 ### REMARK fa10_pdb_lig.pdb PHE153 cry Packing score: -4.391671 Hbond score: 0.000000
RT 0.764552 -0.493891 0.414165 -0.64413 -0.608966 0.462879 0.0236005 -0.620671 -0.783716 2.22718 1.96955 -3.60959  
SINGLE   PHE   CE1   CZ   CE2   LG1   CH2   CH2   CH1 ### REMARK fa10_pdb_lig.pdb PHE153 cry Packing score: -4.391671 Hbond score: 0.000000
RT -0.846596 0.478152 0.233765 -0.470994 -0.468505 -0.747441 -0.247871 -0.742882 0.621841 -1.70597 0.00461848 -3.51944  
SINGLE   GLN   OE1   CD   NE2   LG1   OOC   S   OOC ### REMARK fa10_pdb_lig.pdb GLN173 cry Packing score: -1.545371 Hbond score: 0.000000
RT -0.237812 0.921178 -0.30802 0.4448 -0.178631 -0.877635 -0.86348 -0.34572 -0.36726 -2.1768 -1.35412 4.22774  
SINGLE   GLN   OE1   CD   NE2   LG1   aroC   S   OOC ### REMARK fa10_pdb_lig.pdb GLN173 cry Packing score: -1.545371 Hbond score: 0.000000
RT -0.643932 -0.430702 0.632334 -0.757957 0.246584 -0.603903 0.104179 -0.868154 -0.485237 -2.1768 -1.35412 4.22774  
SINGLE   GLN   OE1   CD   NE2   LG1   aroC   aroC   aroC ### REMARK fa10_pdb_lig.pdb GLN173 cry Packing score: -1.545371 Hbond score: 0.000000
RT -0.645124 -0.546291 0.534211 -0.752674 0.334013 -0.567378 0.13152 -0.768116 -0.626659 -3.08475 -3.58185 5.41259  
SINGLE   GLN   OE1   CD   NE2   LG1   CH1   CH2   S ### REMARK fa10_pdb_lig.pdb GLN173 cry Packing score: -1.545371 Hbond score: 0.000000
RT -0.835216 -0.133491 -0.533474 0.53354 -0.431727 -0.727287 -0.133229 -0.892072 0.431808 -2.53794 -0.261968 5.62107  
SINGLE   GLN   OE1   CD   NE2   LG1   aroC   aroC   aroC ### REMARK fa10_pdb_lig.pdb GLN173 cry Packing score: -1.545371 Hbond score: 0.000000
RT 0.645124 -0.540466 -0.540104 0.752674 0.327841 0.570966 -0.13152 -0.774866 0.618292 -3.9911 -4.6393 5.59736  
SINGLE   VAL   CG1   CB   CG2   LG1   aroC   aroC   aroC ### REMARK fa10_pdb_lig.pdb VAL194 cry Packing score: -1.404933 Hbond score: 0.000000
RT 0.788223 0.598931 -0.141374 -0.381633 0.655961 0.651207 0.482764 -0.459343 0.745616 4.24198 -0.886348 -1.70963  
SINGLE   VAL   CG1   CB   CG2   LG1   aroC   aroC   Cl ### REMARK fa10_pdb_lig.pdb VAL194 cry Packing score: -1.404933 Hbond score: 0.000000
RT 0.907812 -0.389681 -0.155001 0.390956 0.652624 0.649026 -0.151756 -0.649793 0.744808 4.39729 0.150256 -2.58554  
SINGLE   VAL   CG1   CB   CG2   LG1   aroC   aroC   aroC ### REMARK fa10_pdb_lig.pdb VAL194 cry Packing score: -1.404933 Hbond score: 0.000000
RT 0.805067 -0.5738 0.150402 -0.362276 -0.676384 -0.641297 0.469705 0.4618 -0.752408 5.67828 0.701926 -2.79968  
SINGLE   TRP   CG   CD2   CE2   LG1   aroC   aroC   aroC ### REMARK fa10_pdb_lig.pdb TRP196 cry Packing score: -4.001603 Hbond score: 0.000000
RT -0.0370198 -0.723758 0.689061 -0.783877 -0.406642 -0.469232 0.619812 -0.55751 -0.552283 4.28881 -2.94537 -4.59926  
SINGLE   TRP   CG   CD2   CE2   LG1   aroC   aroC   aroC ### REMARK fa10_pdb_lig.pdb TRP196 cry Packing score: -4.001603 Hbond score: 0.000000
RT 0.0570974 -0.719517 -0.692124 0.790838 -0.390534 0.471231 -0.609356 -0.574264 0.546723 4.996 -5.19236 -1.77597  
SINGLE   TRP   CG   CD2   CE2   LG1   aroC   aroC   Cl ### REMARK fa10_pdb_lig.pdb TRP196 cry Packing score: -4.001603 Hbond score: 0.000000
RT 0.603885 0.392323 -0.693834 -0.0495382 0.887269 0.458584 0.795531 -0.24256 0.555243 3.46392 -2.8777 -5.68593  
SINGLE   TRP   CG   CD2   CE2   LG1   CH2   Npro   COO ### REMARK fa10_pdb_lig.pdb TRP196 cry Packing score: -4.001603 Hbond score: 0.000000
RT -0.0172277 -0.262025 0.964907 0.666715 0.716169 0.206383 -0.745114 0.646874 0.162358 0.0169158 -1.76477 4.67387  
SINGLE   TRP   CG   CD2   CE2   LG1   COO   CH1   OH ### REMARK fa10_pdb_lig.pdb TRP196 cry Packing score: -4.001603 Hbond score: 0.000000
RT -0.844316 -0.197691 -0.498045 -0.0256925 0.943323 -0.330881 0.535229 -0.266572 -0.801542 2.51367 -6.26513 1.01456  
SINGLE   TRP   CG   CD2   CE2   LG1   aroC   aroC   aroC ### REMARK fa10_pdb_lig.pdb TRP196 cry Packing score: -4.001603 Hbond score: 0.000000
RT 0.0378478 0.712905 0.700238 0.78348 0.413785 -0.463617 -0.620264 0.56617 -0.542886 3.26543 -6.20114 -3.11676  
SINGLE   CYS   SG   CB   CA   LG1   OOC   S   OOC ### REMARK fa10_pdb_lig.pdb CYS200 cry Packing score: -1.447701 Hbond score: 0.000000
RT 0.987954 -0.0964553 -0.121009 -0.144135 -0.858164 -0.492727 -0.0563191 0.504233 -0.861729 5.53452 2.2538 -0.581176  
SINGLE   CYS   SG   CB   CA   LG1   aroC   aroC   aroC ### REMARK fa10_pdb_lig.pdb CYS200 cry Packing score: -1.447701 Hbond score: 0.000000
RT -0.340781 0.940047 0.0134151 0.0765411 0.0419636 -0.996183 -0.937022 -0.338454 -0.0862526 3.62214 2.35401 -2.45835  
SINGLE   TYR   CE1   CZ   CE2   LG1   aroC   aroC   Cl ### REMARK fa10_pdb_lig.pdb TYR209 cry Packing score: -1.158958 Hbond score: 0.000000
RT -0.304192 -0.0585565 0.950809 0.640113 0.726625 0.249541 -0.705494 0.684534 -0.183551 0.350493 -0.67875 -5.03557  
SINGLE   LEU   CD1   CG   CD2   LG1   aroC   aroC   CH1 ### REMARK aofb_pdb_lig.pdb LEU154 cry Packing score: -3.536768 Hbond score: 0.000000
RT -0.358994 0.930816 0.0685894 0.915054 0.365485 -0.170579 -0.183846 0.001526 -0.982954 -0.25707 -0.379124 3.73512  
SINGLE   LEU   CD1   CG   CD2   LG1   CH2   CH2   CH1 ### REMARK aofb_pdb_lig.pdb LEU154 cry Packing score: -3.536768 Hbond score: 0.000000
RT -0.817859 -0.516237 -0.254178 0.512473 -0.854361 0.0862494 -0.261685 -0.0597194 0.963304 1.59497 1.10617 3.80044  
SINGLE   LEU   CD1   CG   CD2   LG1   aroC   aroC   CH1 ### REMARK aofb_pdb_lig.pdb LEU154 cry Packing score: -3.536768 Hbond score: 0.000000
RT -0.61006 0.789361 -0.0688245 -0.787923 -0.59518 0.15792 0.0836927 0.150569 0.985051 -0.25707 -0.379124 3.73512  
SINGLE   LEU   CD1   CG   CD2   LG1   aroC   aroC   aroC ### REMARK aofb_pdb_lig.pdb LEU154 cry Packing score: -3.536768 Hbond score: 0.000000
RT 0.358358 0.930233 -0.079028 -0.914758 0.366785 0.169371 0.186541 0.0115961 0.982379 -2.96138 0.0250856 3.45746  
SINGLE   LEU   CD1   CG   CD2   LG1   aroC   CH1   Ntrp ### REMARK aofb_pdb_lig.pdb LEU154 cry Packing score: -3.536768 Hbond score: 0.000000
RT -0.997469 -0.0659828 -0.0265066 0.0067991 -0.459559 0.888121 -0.0707821 0.885693 0.458844 1.24353 -0.389353 3.84161  
SINGLE   LEU   CD1   CG   CD2   LG1   CH2   Ntrp   CH1 ### REMARK aofb_pdb_lig.pdb LEU154 cry Packing score: -3.536768 Hbond score: 0.000000
RT 0.856565 0.0966768 0.506902 -0.515521 0.204307 0.832164 -0.0231125 -0.974121 0.224841 1.7201 -1.01349 5.0772  
SINGLE   CYS   SG   CB   CA   LG1   aroC   aroC   aroC ### REMARK aofb_pdb_lig.pdb CYS155 cry Packing score: -1.100919 Hbond score: 0.000000
RT 0.619025 0.659388 -0.426632 -0.772432 0.609363 -0.178955 0.141973 0.440322 0.886544 1.51831 4.0129 -1.47164  
SINGLE   CYS   SG   CB   CA   LG1   aroC   aroC   aroC ### REMARK aofb_pdb_lig.pdb CYS155 cry Packing score: -1.100919 Hbond score: 0.000000
RT -0.281429 -0.85566 0.434332 -0.904244 0.387964 0.178401 -0.321156 -0.342535 -0.882909 3.98906 4.36281 -0.18817  
SINGLE   CYS   SG   CB   CA   LG1   aroC   aroC   CH1 ### REMARK aofb_pdb_lig.pdb CYS155 cry Packing score: -1.100919 Hbond score: 0.000000
RT -0.295399 -0.855941 0.424387 -0.898899 0.399473 0.180005 -0.323605 -0.328308 -0.887409 1.92639 5.25467 -1.02461  
SINGLE   ILE   CG1   CB   CG2   LG1   aroC   aroC   aroC ### REMARK aofb_pdb_lig.pdb ILE181 cry Packing score: -1.111653 Hbond score: 0.000000
RT 0.830763 0.524104 -0.187475 -0.142689 -0.125031 -0.981839 -0.538026 0.842426 -0.0290873 2.1811 2.63136 3.23759  
SINGLE   ILE   CG1   CB   CG2   LG1   aroC   aroC   aroC ### REMARK aofb_pdb_lig.pdb ILE181 cry Packing score: -1.111653 Hbond score: 0.000000
RT -0.883455 0.431063 -0.183555 0.177359 -0.0549214 -0.982613 -0.433649 -0.900649 -0.0279323 3.44532 2.33698 5.22067  
SINGLE   ILE   CG1   CB   CG2   LG1   aroC   aroC   aroC ### REMARK aofb_pdb_lig.pdb ILE181 cry Packing score: -1.111653 Hbond score: 0.000000
RT -0.879452 -0.442614 0.175094 0.171116 0.0492686 0.984018 -0.444167 0.895358 0.032409 4.55618 2.19557 3.1064  
SINGLE   GLN   OE1   CD   NE2   LG1   CH3   Ntrp   CH1 ### REMARK aofb_pdb_lig.pdb GLN189 cry Packing score: -3.497380 Hbond score: 0.000000
RT 0.380473 -0.708677 0.594153 0.231082 0.694945 0.680921 -0.895456 -0.121774 0.42817 1.79358 -0.912598 4.07932  
SINGLE   GLN   OE1   CD   NE2   LG1   aroC   aroC   aroC ### REMARK aofb_pdb_lig.pdb GLN189 cry Packing score: -3.497380 Hbond score: 0.000000
RT -0.191235 0.907777 0.373322 0.929885 0.289318 -0.227176 -0.314234 0.303702 -0.899456 -0.626006 1.5614 3.63316  
SINGLE   GLN   OE1   CD   NE2   LG1   aroC   aroC   CH1 ### REMARK aofb_pdb_lig.pdb GLN189 cry Packing score: -3.497380 Hbond score: 0.000000
RT -0.872519 -0.317804 -0.371095 0.243423 -0.941318 0.233805 -0.423623 0.113666 0.898679 0.565286 1.22904 4.21156  
SINGLE   GLN   OE1   CD   NE2   LG1   CH2   CH2   CH1 ### REMARK aofb_pdb_lig.pdb GLN189 cry Packing score: -3.497380 Hbond score: 0.000000
RT -0.566972 0.700094 0.434063 0.764587 0.643343 -0.0389364 -0.306511 0.309804 -0.900041 -0.679697 -0.783273 4.00898  
SINGLE   TYR   CE1   CZ   CE2   LG1   CH2   CH2   aroC ### REMARK aofb_pdb_lig.pdb TYR270 cry Packing score: -1.655446 Hbond score: 0.000000
RT -0.604997 0.00766678 0.796191 0.794158 0.0778673 0.602703 -0.0573764 0.996934 -0.0531981 -1.6908 1.408 3.15649  
SINGLE   TYR   CE1   CZ   CE2   LG1   CH2   CH1   Ntrp ### REMARK aofb_pdb_lig.pdb TYR270 cry Packing score: -1.655446 Hbond score: 0.000000
RT 0.0454727 -0.997287 0.0578856 -0.431728 0.0326355 0.901413 -0.900857 -0.0659805 -0.429072 -2.69245 3.29457 4.45258  
SINGLE   PHE   CE1   CZ   CE2   LG1   aroC   CH2   Ntrp ### REMARK aofb_pdb_lig.pdb PHE287 cry Packing score: -2.098282 Hbond score: 0.000000
RT -0.901813 0.432087 -0.00584604 -0.418213 -0.869291 0.263497 0.108772 0.24007 0.964643 0.898852 -2.20012 2.95448  
SINGLE   PHE   CE1   CZ   CE2   LG1   CH2   CH1   Ntrp ### REMARK aofb_pdb_lig.pdb PHE287 cry Packing score: -2.098282 Hbond score: 0.000000
RT 0.39784 -0.786622 -0.472174 -0.196665 -0.575813 0.793575 -0.896128 -0.222856 -0.383783 3.27075 -2.19108 2.97234  
SINGLE   TYR   CE1   CZ   CE2   LG1   aroC   CH2   Ntrp ### REMARK aofb_pdb_lig.pdb TYR342 cry Packing score: -3.313704 Hbond score: 0.000000
RT 0.712945 -0.640433 -0.28558 0.625471 0.396685 0.671883 -0.317011 -0.657637 0.683386 -0.233445 -0.120329 -3.53932  
SINGLE   TYR   CE1   CZ   CE2   LG1   aroC   CH1   Ntrp ### REMARK aofb_pdb_lig.pdb TYR342 cry Packing score: -3.313704 Hbond score: 0.000000
RT -0.92694 0.346827 -0.143155 0.375206 0.855242 -0.357466 -0.00154619 -0.385062 -0.922889 -2.41546 -1.05037 -3.52837  
SINGLE   TYR   CE1   CZ   CE2   LG1   aroC   aroC   CH1 ### REMARK aofb_pdb_lig.pdb TYR374 cry Packing score: -1.107741 Hbond score: 0.000000
RT 0.923292 0.377278 0.0720636 -0.301548 0.595774 0.744394 0.23791 -0.709023 0.663841 -4.43272 -2.86035 -2.55501  
SINGLE   GLN   OE1   CD   NE2   LG1   aroC   aroC   aroC ### REMARK reni_pdb_lig.pdb GLN13 cry Packing score: -1.564444 Hbond score: 0.000000
RT -0.692012 0.0960346 0.715469 -0.53161 -0.738309 -0.41508 0.488375 -0.667591 0.561972 -0.708795 0.568267 -4.35671  
SINGLE   GLN   OE1   CD   NE2   LG1   CH3   aroC   aroC ### REMARK reni_pdb_lig.pdb GLN13 cry Packing score: -1.564444 Hbond score: 0.000000
RT 0.266817 0.637738 -0.722564 0.911257 0.0771115 0.404554 0.313717 -0.766383 -0.560569 -0.708795 0.568267 -4.35671  
SINGLE   VAL   CG1   CB   CG2   LG1   CH2   CH1   Npro ### REMARK reni_pdb_lig.pdb VAL30 cry Packing score: -1.007214 Hbond score: 0.000000
RT -0.163263 0.366153 0.916121 0.459097 0.850111 -0.257954 -0.873255 0.378474 -0.306891 1.40129 -0.242508 5.28878  
SINGLE   ASP   OD1   CG   OD2   LG1   aroC   CH1   NH2O ### REMARK reni_pdb_lig.pdb ASP32 cry Packing score: -2.815365 Hbond score: 0.000000
RT -0.676949 -0.723795 0.133646 0.143575 0.0482326 0.988463 -0.72189 0.688328 0.071268 3.19569 2.23422 -2.3447  
SINGLE   ASP   OD1   CG   OD2   LG1   CH1   CH2   aroC ### REMARK reni_pdb_lig.pdb ASP32 cry Packing score: -2.815365 Hbond score: 0.000000
RT 0.733096 0.580983 0.353594 -0.111795 -0.409888 0.905259 0.670874 -0.703172 -0.235536 0.643666 3.56497 -1.728  
SINGLE   ASP   OD1   CG   OD2   LG1   CH1   CH2   NH2O ### REMARK reni_pdb_lig.pdb ASP32 cry Packing score: -2.815365 Hbond score: 0.000000
RT -0.594003 0.454568 0.663723 -0.804376 -0.347735 -0.481726 0.0118225 -0.82003 0.572199 2.6678 4.61927 -0.721523  
SINGLE   ASP   OD1   CG   OD2   LG1   CH2   CH1   Npro ### REMARK reni_pdb_lig.pdb ASP32 cry Packing score: -2.815365 Hbond score: 0.000000
RT 0.167219 0.925861 -0.338851 -0.449094 0.377494 0.809823 0.877697 0.0167584 0.478923 0.623193 0.365739 -5.05448  
SINGLE   ASP   OD1   CG   OD2   LG1   CH1   aroC   COO ### REMARK reni_pdb_lig.pdb ASP32 cry Packing score: -2.815365 Hbond score: 0.000000
RT 0.676949 0.635759 0.370878 -0.143575 -0.380149 0.913714 0.72189 -0.671787 -0.166062 2.17499 2.4507 -3.43316  
SINGLE   TRP   CG   CD2   CE2   LG1   CH2   CH2   OH ### REMARK reni_pdb_lig.pdb TRP39 cry Packing score: -2.908476 Hbond score: 0.000000
RT 0.176484 0.0234701 0.984024 -0.958135 0.233085 0.166282 -0.225458 -0.972173 0.0636233 1.87117 0.781528 -3.59985  
SINGLE   TRP   CG   CD2   CE2   LG1   aroC   aroC   OH ### REMARK reni_pdb_lig.pdb TRP39 cry Packing score: -2.908476 Hbond score: 0.000000
RT 0.619264 -0.212158 0.755976 0.251906 0.965591 0.0646343 -0.743677 0.150409 0.6514 4.15175 -1.97306 -4.26526  
SINGLE   TRP   CG   CD2   CE2   LG1   aroC   aroC   Cl ### REMARK reni_pdb_lig.pdb TRP39 cry Packing score: -2.908476 Hbond score: 0.000000
RT 0.0963723 -0.637975 0.764002 0.972206 0.224881 0.0651501 -0.213374 0.736489 0.641916 4.0086 -3.41715 -3.94832  
SINGLE   HIS   ND1   CE1   NE2   LG1   CH3   aroC   aroC ### REMARK reni_pdb_lig.pdb HIS55 cry Packing score: -1.346171 Hbond score: 0.000000
RT -0.0692982 -0.990628 -0.117699 0.0904176 -0.123734 0.988188 -0.99349 0.0578376 0.0981448 0.235728 -0.125648 4.90493  
SINGLE   LEU   CD1   CG   CD2   LG1   CH2   CH2   OH ### REMARK reni_pdb_lig.pdb LEU75 cry Packing score: -1.379866 Hbond score: 0.000000
RT -0.999552 0.0215123 -0.0208298 -0.0263286 -0.300026 0.953568 0.014264 0.953689 0.300458 -3.69496 3.81974 -0.418584  
SINGLE   LEU   CD1   CG   CD2   LG1   aroC   aroC   aroC ### REMARK reni_pdb_lig.pdb LEU75 cry Packing score: -1.379866 Hbond score: 0.000000
RT 0.532785 0.437696 0.724267 0.706649 0.240782 -0.665336 -0.465605 0.866283 -0.181012 -2.33671 4.19231 1.57592  
SINGLE   LEU   CD1   CG   CD2   LG1   CH2   CH2   OH ### REMARK reni_pdb_lig.pdb LEU75 cry Packing score: -1.379866 Hbond score: 0.000000
RT 0.999552 -0.0265403 0.0138661 0.0263286 0.999537 0.0152311 -0.014264 -0.0148592 0.999788 -5.2139 3.77973 -0.396908  
SINGLE   TYR   CE1   CZ   CE2   LG1   aroC   aroC   aroC ### REMARK reni_pdb_lig.pdb TYR77 cry Packing score: -1.383666 Hbond score: 0.000000
RT 0.711156 -0.651182 0.264991 0.341713 0.64957 0.679184 -0.614402 -0.392455 0.684462 -3.65042 2.90459 -1.78762  
SINGLE   TYR   CE1   CZ   CE2   LG1   aroC   aroC   OH ### REMARK reni_pdb_lig.pdb TYR77 cry Packing score: -1.383666 Hbond score: 0.000000
RT 0.214318 0.941488 0.260132 -0.731606 -0.0217238 0.681381 0.647163 -0.336346 0.684143 -2.95522 4.40202 -3.54847  
SINGLE   VAL   CG1   CB   CG2   LG1   aroC   aroC   Cl ### REMARK reni_pdb_lig.pdb VAL105 cry Packing score: -1.104925 Hbond score: 0.000000
RT 0.0651685 -0.562358 -0.824322 0.997796 0.0470688 0.0467722 0.0124972 -0.825553 0.564186 -0.0480663 2.62934 4.67265  
SINGLE   MET   CG   SD   CE   LG1   aroC   aroC   aroC ### REMARK reni_pdb_lig.pdb MET108 cry Packing score: -2.327833 Hbond score: 0.000000
RT 0.197097 0.162727 -0.966785 0.669684 -0.742557 0.0115414 -0.716015 -0.649715 -0.255331 -3.72196 0.52142 -1.22883  
SINGLE   MET   CG   SD   CE   LG1   aroC   aroC   aroC ### REMARK reni_pdb_lig.pdb MET108 cry Packing score: -2.327833 Hbond score: 0.000000
RT -0.239144 -0.0872787 0.967054 0.283818 -0.958739 -0.0163426 0.928578 0.270559 0.254048 -3.11561 1.05073 -3.51509  
SINGLE   PHE   CE1   CZ   CE2   LG1   aroC   aroC   Cl ### REMARK reni_pdb_lig.pdb PHE113 cry Packing score: -3.926195 Hbond score: 0.000000
RT -0.236004 -0.542529 0.806204 -0.174413 -0.792518 -0.584376 0.955972 -0.278528 0.0924128 -2.97897 4.20136 0.932442  
SINGLE   PHE   CE1   CZ   CE2   LG1   aroC   aroC   OH ### REMARK reni_pdb_lig.pdb PHE113 cry Packing score: -3.926195 Hbond score: 0.000000
RT 0.236004 -0.545076 -0.804484 0.174413 -0.790666 0.58688 -0.955972 -0.278818 -0.0915315 -3.32838 3.94314 2.34779  
SINGLE   PHE   CE1   CZ   CE2   LG1   aroC   aroC   aroC ### REMARK reni_pdb_lig.pdb PHE113 cry Packing score: -3.926195 Hbond score: 0.000000
RT -0.224269 -0.5504 0.804216 -0.149536 -0.796028 -0.586497 0.962986 -0.251793 0.0962199 -1.65868 6.12343 1.64546  
SINGLE   PHE   CE1   CZ   CE2   LG1   CH3   aroC   aroC ### REMARK reni_pdb_lig.pdb PHE113 cry Packing score: -3.926195 Hbond score: 0.000000
RT 0.589828 0.0593935 0.805342 0.7742 0.241965 -0.584865 -0.229602 0.968465 0.0967355 -1.65868 6.12343 1.64546  
SINGLE   PHE   CE1   CZ   CE2   LG1   aroC   aroC   OH ### REMARK reni_pdb_lig.pdb PHE113 cry Packing score: -3.926195 Hbond score: 0.000000
RT 0.494524 0.865985 -0.0742628 -0.244618 0.0566824 -0.967961 -0.834031 0.496847 0.239867 -4.60154 -0.426403 0.45456  
SINGLE   PHE   CE1   CZ   CE2   LG1   CH2   CH2   OH ### REMARK reni_pdb_lig.pdb PHE113 cry Packing score: -3.926195 Hbond score: 0.000000
RT 0.612217 0.630719 -0.476848 0.749888 -0.271927 0.603095 0.250716 -0.726808 -0.639447 -4.48774 0.513875 2.70503  
SINGLE   ALA   CB   CA   N   LG1   CH3   aroC   aroC ### REMARK reni_pdb_lig.pdb ALA116 cry Packing score: -1.163359 Hbond score: 0.000000
RT -0.781718 -0.619536 -0.0713645 0.164586 -0.094575 -0.981818 0.601522 -0.77925 0.175898 5.85645 0.615317 0.838983  
SINGLE   PHE   CE1   CZ   CE2   LG1   CH2   CH1   Npro ### REMARK reni_pdb_lig.pdb PHE118 cry Packing score: -3.996173 Hbond score: 0.000000
RT 0.933458 0.354303 -0.0559063 0.304135 -0.864446 -0.400294 -0.190154 0.356655 -0.91468 -3.39498 -1.95111 -2.25984  
SINGLE   PHE   CE1   CZ   CE2   LG1   CH3   aroC   aroC ### REMARK reni_pdb_lig.pdb PHE118 cry Packing score: -3.996173 Hbond score: 0.000000
RT 0.720017 0.432359 0.542809 0.146446 -0.859246 0.490153 0.678328 -0.273426 -0.681989 -3.2988 2.75384 3.5458  
SINGLE   PHE   CE1   CZ   CE2   LG1   aroC   aroC   aroC ### REMARK reni_pdb_lig.pdb PHE118 cry Packing score: -3.996173 Hbond score: 0.000000
RT -0.00624943 -0.837256 -0.546776 0.814365 0.313056 -0.488677 0.580319 -0.448329 0.679876 -3.29008 1.61671 2.73548  
SINGLE   PHE   CE1   CZ   CE2   LG1   aroC   aroC   Cl ### REMARK reni_pdb_lig.pdb PHE118 cry Packing score: -3.996173 Hbond score: 0.000000
RT -0.732918 -0.413024 -0.540594 0.673606 -0.551906 -0.491584 -0.0953212 -0.724438 0.682718 -4.27648 1.38824 1.77797  
SINGLE   PHE   CE1   CZ   CE2   LG1   aroC   aroC   aroC ### REMARK reni_pdb_lig.pdb PHE118 cry Packing score: -3.996173 Hbond score: 0.000000
RT 0.925251 0.176597 0.335745 -0.277207 -0.289448 0.916175 0.258974 -0.940762 -0.218858 -0.876985 -3.55715 1.2854  
SINGLE   PHE   CE1   CZ   CE2   LG1   aroC   CH2   Npro ### REMARK reni_pdb_lig.pdb PHE118 cry Packing score: -3.996173 Hbond score: 0.000000
RT 0.930144 0.11788 0.347758 -0.311245 -0.249395 0.917022 0.194828 -0.961201 -0.195283 -2.72773 -3.23893 -0.328315  
SINGLE   PHE   CE1   CZ   CE2   LG1   aroC   aroC   OH ### REMARK reni_pdb_lig.pdb PHE118 cry Packing score: -3.996173 Hbond score: 0.000000
RT 0.732918 -0.411313 0.541898 -0.673606 -0.550349 0.493327 0.0953212 -0.726593 -0.680423 -5.36159 2.38554 1.63685  
SINGLE   VAL   CG1   CB   CG2   LG1   aroC   aroC   Cl ### REMARK reni_pdb_lig.pdb VAL121 cry Packing score: -3.394471 Hbond score: 0.000000
RT -0.302038 0.918024 -0.256915 -0.873556 -0.158632 0.460148 0.381672 0.363412 0.849858 -3.31707 3.8087 1.56809  
SINGLE   VAL   CG1   CB   CG2   LG1   aroC   aroC   OH ### REMARK reni_pdb_lig.pdb VAL121 cry Packing score: -3.394471 Hbond score: 0.000000
RT 0.302038 0.918832 0.254011 0.873556 -0.160086 -0.459644 -0.381672 0.360723 -0.851003 -3.76425 2.51537 2.13317  
SINGLE   VAL   CG1   CB   CG2   LG1   aroC   aroC   aroC ### REMARK reni_pdb_lig.pdb VAL121 cry Packing score: -3.394471 Hbond score: 0.000000
RT -0.953367 -0.15755 0.257429 -0.264334 0.847532 -0.460237 -0.145669 -0.506822 -0.849654 -3.76425 2.51537 2.13317  
SINGLE   ASP   OD1   CG   OD2   LG1   aroC   CH1   NH2O ### REMARK reni_pdb_lig.pdb ASP210 cry Packing score: -1.701135 Hbond score: 0.000000
RT 0.555785 0.394147 -0.731951 0.83092 -0.290893 0.474292 -0.0259786 -0.871797 -0.489178 1.06347 4.03961 1.66717  
SINGLE   ASP   OD1   CG   OD2   LG1   CH1   CH2   NH2O ### REMARK reni_pdb_lig.pdb ASP210 cry Packing score: -1.701135 Hbond score: 0.000000
RT 0.951391 0.0213667 -0.307244 -0.299439 0.297557 -0.90653 0.072053 0.954465 0.289491 -0.321163 4.31739 -0.90333  
SINGLE   ASP   OD1   CG   OD2   LG1   CH1   CH2   aroC ### REMARK reni_pdb_lig.pdb ASP210 cry Packing score: -1.701135 Hbond score: 0.000000
RT -0.608983 -0.0570755 -0.791127 -0.789785 0.135854 0.598149 0.0733383 0.989083 -0.12781 2.05772 5.06743 -0.905591  
SINGLE   ASP   OD1   CG   OD2   LG1   CH1   CH2   NH2O ### REMARK reni_pdb_lig.pdb ASP210 cry Packing score: -1.701135 Hbond score: 0.000000
RT 0.973357 0.0627085 0.220553 -0.229281 0.276652 0.933217 -0.00249582 -0.958922 0.283659 -0.423185 4.3898 1.67098  
SINGLE   ASP   OD1   CG   OD2   LG1   CH1   aroC   COO ### REMARK reni_pdb_lig.pdb ASP210 cry Packing score: -1.701135 Hbond score: 0.000000
RT -0.555785 -0.122962 -0.822182 -0.83092 0.113072 0.544781 0.0259786 0.985949 -0.165015 1.90148 5.29247 1.628  
SINGLE   LEU   CD1   CG   CD2   LG1   aroC   Nhis   aroC ### REMARK igf1r_pdb_lig.pdb LEU22 cry Packing score: -4.262724 Hbond score: 0.000000
RT -0.948187 0.291845 -0.125567 -0.296512 -0.954823 0.0198188 -0.11411 0.0560241 0.991887 -1.53556 2.54063 -4.437  
SINGLE   LEU   CD1   CG   CD2   LG1   Ntrp   aroC   Nhis ### REMARK igf1r_pdb_lig.pdb LEU22 cry Packing score: -4.262724 Hbond score: 0.000000
RT -0.538602 -0.721336 0.43541 -0.583663 0.692118 0.424629 -0.607656 -0.0254267 -0.793794 3.66542 0.369528 -3.11689  
SINGLE   LEU   CD1   CG   CD2   LG1   aroC   aroC   aroC ### REMARK igf1r_pdb_lig.pdb LEU22 cry Packing score: -4.262724 Hbond score: 0.000000
RT 0.837171 0.422304 -0.347569 -0.540764 0.734335 -0.410276 0.0819712 0.531424 0.843131 -0.35599 0.56913 -4.83815  
SINGLE   LEU   CD1   CG   CD2   LG1   aroC   aroC   Ntrp ### REMARK igf1r_pdb_lig.pdb LEU22 cry Packing score: -4.262724 Hbond score: 0.000000
RT 0.00151433 0.937148 0.34893 0.889531 -0.160679 0.427687 0.456872 0.309737 -0.833865 1.80059 0.259683 -4.05478  
SINGLE   LEU   CD1   CG   CD2   LG1   COO   aroC   aroC ### REMARK igf1r_pdb_lig.pdb LEU22 cry Packing score: -4.262724 Hbond score: 0.000000
RT 0.461122 -0.841766 -0.280707 0.606972 0.529984 -0.592201 0.647265 0.102696 0.755316 5.04438 0.116252 -2.803  
SINGLE   LEU   CD1   CG   CD2   LG1   Nhis   aroC   Nhis ### REMARK igf1r_pdb_lig.pdb LEU22 cry Packing score: -4.262724 Hbond score: 0.000000
RT -0.912959 -0.38715 -0.128918 0.384609 -0.921978 0.0450793 -0.136312 -0.0084275 0.99063 -1.52011 3.87549 -4.49573  
SINGLE   LEU   CD1   CG   CD2   LG1   aroC   aroC   Ntrp ### REMARK igf1r_pdb_lig.pdb LEU22 cry Packing score: -4.262724 Hbond score: 0.000000
RT -0.803701 0.476817 -0.355965 -0.302337 -0.842482 -0.445889 -0.512501 -0.250739 0.821263 1.80059 0.259683 -4.05478  
SINGLE   VAL   CG1   CB   CG2   LG1   Ntrp   aroC   Nhis ### REMARK igf1r_pdb_lig.pdb VAL30 cry Packing score: -3.066998 Hbond score: 0.000000
RT -0.99661 0.0128811 0.0812542 0.0484774 -0.706033 0.706518 0.0664689 0.708062 0.703015 3.44604 0.765359 3.47615  
SINGLE   VAL   CG1   CB   CG2   LG1   aroC   aroC   Ntrp ### REMARK igf1r_pdb_lig.pdb VAL30 cry Packing score: -3.066998 Hbond score: 0.000000
RT 0.452316 -0.878975 -0.151042 -0.813118 -0.336849 -0.474734 0.366401 0.337545 -0.867072 3.58935 2.88935 2.23926  
SINGLE   ALA   CB   CA   N   LG1   Ntrp   COO   ONH2 ### REMARK igf1r_pdb_lig.pdb ALA48 cry Packing score: -1.537953 Hbond score: 0.000000
RT 0.00780829 -0.418223 -0.908311 0.558599 0.755224 -0.342934 0.829401 -0.504703 0.239516 4.77153 0.319235 -0.863148  
SINGLE   ALA   CB   CA   N   LG1   aroC   aroC   Ntrp ### REMARK igf1r_pdb_lig.pdb ALA48 cry Packing score: -1.537953 Hbond score: 0.000000
RT 0.35899 -0.147746 0.921573 -0.919604 -0.224779 0.322186 0.159548 -0.963144 -0.216561 5.22817 0.548263 1.37472  
SINGLE   ALA   CB   CA   N   LG1   aroC   aroC   Nhis ### REMARK igf1r_pdb_lig.pdb ALA48 cry Packing score: -1.537953 Hbond score: 0.000000
RT -0.0428443 -0.0560708 -0.997507 0.576459 0.814077 -0.0705198 0.816002 -0.578043 -0.00255609 5.29017 -1.90059 -1.88894  
SINGLE   ALA   CB   CA   N   LG1   aroC   aroC   aroC ### REMARK igf1r_pdb_lig.pdb ALA48 cry Packing score: -1.537953 Hbond score: 0.000000
RT -0.35899 -0.203187 -0.910956 0.919604 -0.243844 -0.308009 -0.159548 -0.948291 0.274389 5.7102 -0.686537 1.58896  
SINGLE   LYS   NZ   CE   CD   LG1   aroC   aroC   aroC ### REMARK igf1r_pdb_lig.pdb LYS50 cry Packing score: -1.354883 Hbond score: 0.000000
