10000
20000
30000
40000
50000
60000
70000
80000
90000
Hit a duplicate of:
['SINGLE   GLN   OE1   CD   NE2   LG1   CH1   CH1   OH ###  REMARK _1mw0_GLC.pdb_GLN328_GLC_Packing_score_-5.184216\n', 'RT -0.419235 0.400766 -0.814634 -0.00891549 0.895434 0.445104 0.907834 0.193866 -0.371825 1.81597 2.93249 1.68521  \n']
Hit a duplicate of:
['SINGLE   THR   OG1   CB   CG2   LG1   CH2   CH2   OH ###  REMARK _5j11_PGE.pdb_THR41_PGE_Packing_score_-1.091927\n', 'RT 0.41923 0.341929 0.84103 0.847724 0.184163 -0.497441 -0.324976 0.921504 -0.212655 3.25493 3.18041 -1.0054  \n']
Hit a duplicate of:
['SINGLE   ASP   OD1   CG   OD2   LG1   CH1   CH1   OH ###  REMARK _5h42_G1P.pdb_ASP631_G1P_Packing_score_-1.192692\n', 'RT 0.848569 -0.502466 -0.165703 0.366244 0.331823 0.869344 -0.381832 -0.798386 0.4656 3.74637 1.93928 0.334925  \n']
Hit a duplicate of:
['SINGLE   ASN   OD1   CG   ND2   LG1   CH2   CH1   OH ###  REMARK _4n5z_NAG.pdb_ASN240_NAG_Packing_score_-1.522056\n', 'RT 0.525136 0.83721 -0.152679 0.849906 -0.50677 0.144378 0.0435023 -0.205581 -0.977673 3.48632 -0.388461 2.5099  \n']
100000
Hit a duplicate of:
['SINGLE   TRP   CG   CD2   CE2   LG1   OH   CH2   CH1 ###  REMARK _6ub8_GOL.pdb_TRP236_GOL_Packing_score_-1.160600\n', 'RT -0.566702 0.387762 -0.726973 -0.575736 -0.817536 0.0127403 -0.589386 0.425765 0.686548 2.31022 5.90355 0.100591  \n']
Hit a duplicate of:
['SINGLE   PHE   CE1   CZ   CE2   LG1   aroC   aroC   aroC ###  REMARK _1rwj_HEM.pdb_PHE25_HEM_Packing_score_-4.527769\n', 'RT 0.306102 -0.693189 -0.652526 0.668833 0.644359 -0.370761 0.677469 -0.322941 0.660867 -2.98558 1.49029 2.55769  \n']
Hit a duplicate of:
['SINGLE   ILE   CG1   CB   CG2   LG1   OOC   S   OOC ###  REMARK _5lnp_SO4.pdb_ILE495_SO4_Packing_score_-1.534682\n', 'RT -0.954927 0.272082 -0.118681 0.27344 0.650693 -0.708399 -0.115518 -0.708922 -0.695763 3.1431 0.837383 3.41603  \n']
Hit a duplicate of:
['SINGLE   TYR   CE1   CZ   CE2   LG1   CH2   CH2   CH2 ###  REMARK _2xe5_D12.pdb_TYR90_D12_Packing_score_-3.484490\n', 'RT 0.804868 0.483734 0.343786 -0.487711 0.869217 -0.0812342 -0.33812 -0.102285 0.935528 1.61568 -0.0119491 4.10091  \n']
Hit a duplicate of:
['SINGLE   GLU   OE1   CD   OE2   LG1   CH1   CH1   OH ###  REMARK _2vzs_GCS.pdb_GLU394_GCS_Packing_score_-1.511745\n', 'RT 0.335394 -0.570271 -0.749868 0.822438 -0.210964 0.52829 -0.459463 -0.793905 0.398256 1.89548 3.61657 -0.518354  \n']
Hit a duplicate of:
['SINGLE   TRP   CG   CD2   CE2   LG1   aroC   aroC   aroC ###  REMARK _1qk0_IOB.pdb_TRP367_IOB_Packing_score_-4.676461\n', 'RT -0.0153295 -0.974628 0.223307 -0.967202 -0.0421782 -0.250484 0.253547 -0.219822 -0.942015 1.79594 1.15225 4.27751  \n']
Hit a duplicate of:
['SINGLE   HIS   ND1   CE1   NE2   LG1   CH3   aroC   aroC ###  REMARK _2po3_T4K.pdb_HIS2174_T4K_Packing_score_-1.936211\n', 'RT 0.3377 0.0701583 -0.938636 -0.938782 -0.0471149 -0.341274 -0.0681669 0.996423 0.0499526 -3.09002 3.05957 -2.46194  \n']
Hit a duplicate of:
['SINGLE   ASN   OD1   CG   ND2   LG1   CH3   CH1   OH ###  REMARK _3r4l_FUC.pdb_ASN288_FUC_Packing_score_-1.336118\n', 'RT 0.710308 0.102253 0.696424 -0.354493 0.906727 0.22843 -0.608109 -0.409133 0.680304 0.0152347 1.79983 3.91576  \n']
Hit a duplicate of:
['SINGLE   LYS   NZ   CE   CD   LG1   OH   CH1   CH1 ###  REMARK _4rga_3PV.pdb_LYS239_3PV_Packing_score_-1.115598\n', 'RT -0.607003 0.11839 0.785832 0.445839 0.869299 0.213416 -0.657857 0.479899 -0.58045 1.09602 -3.8965 2.16602  \n']
Hit a duplicate of:
['SINGLE   CYS   SG   CB   CA   LG1   OH   Phos   OOC ###  REMARK _2puw_BG6.pdb_CYS403_BG6_Packing_score_-2.417380\n', 'RT 0.616923 0.772377 0.15113 0.727954 -0.63299 0.263452 0.299148 -0.052514 -0.952761 -2.9248 -3.5479 1.85019  \n']
Hit a duplicate of:
['SINGLE   HIS   ND1   CE1   NE2   LG1   CH1   COO   OOC ###  REMARK _4aje_2B4.pdb_HIS192_2B4_Packing_score_-1.939291\n', 'RT -0.215194 -0.967449 0.133172 -0.676017 0.0491612 -0.735245 0.704764 -0.248247 -0.664591 -3.8879 2.04435 -0.529083  \n']
Hit a duplicate of:
['SINGLE   ILE   CG1   CB   CG2   LG1   CH3   Nhis   COO ###  REMARK _6tld_DMF.pdb_ILE38_DMF_Packing_score_-1.667818\n', 'RT -0.104986 0.92058 0.376179 0.148382 -0.359535 0.921259 0.983342 0.152537 -0.0988513 3.68818 3.06815 -2.16388  \n']
Hit a duplicate of:
['SINGLE   ASN   OD1   CG   ND2   LG1   aroC   aroC   Ntrp ###  REMARK _5e29_5JN.pdb_ASN108_5JN_Packing_score_-1.672405\n', 'RT 0.200424 -0.94685 -0.251607 0.952708 0.128485 0.275388 -0.228424 -0.294903 0.927823 -2.89842 3.72203 1.97079  \n']
Hit a duplicate of:
['SINGLE   THR   OG1   CB   CG2   LG1   COO   CH1   CH3 ###  REMARK _4f0u_CYC.pdb_THR129_CYC_Packing_score_-2.001001\n', 'RT 0.18678 0.867253 0.461504 0.980307 -0.195196 -0.0299403 0.0641177 0.458007 -0.886633 -2.67901 3.81666 2.38556  \n']
Hit a duplicate of:
['SINGLE   TRP   CG   CD2   CE2   LG1   NH2O   aroC   Nhis ###  REMARK _6u99_Q2J.pdb_TRP162_Q2J_Packing_score_-1.202649\n', 'RT 0.0373598 0.251164 0.967223 -0.519006 0.831995 -0.196002 -0.853954 -0.494672 0.161439 -0.162651 1.02047 -3.37473  \n']
Hit a duplicate of:
['SINGLE   ARG   NH1   CZ   NH2   LG1   OOC   S   OOC ###  REMARK _3av9_SO4.pdb_ARG107_SO4_Packing_score_-1.065153\n', 'RT -0.361244 0.291139 -0.885856 0.591577 -0.662793 -0.459068 -0.720791 -0.689887 0.0671989 -4.61892 -0.178011 -1.34181  \n']
Hit a duplicate of:
['SINGLE   TYR   CE1   CZ   CE2   LG1   CH2   CH1   OH ###  REMARK _6tge_H4M.pdb_TYR51_H4M_Packing_score_-2.889695\n', 'RT -0.511384 0.288411 0.80951 0.5341 -0.631296 0.562319 0.673219 0.71992 0.168794 6.50136 1.74003 -3.6114  \n']
Hit a duplicate of:
['SINGLE   LEU   CD1   CG   CD2   LG1   aroC   aroC   aroC ###  REMARK _2jed_LG8.pdb_LEU511_LG8_Packing_score_-3.460767\n', 'RT -0.439773 0.677479 0.589595 0.479638 0.732191 -0.483573 -0.759307 0.0701305 -0.646943 -0.402434 3.39934 3.93665  \n']
Hit a duplicate of:
['SINGLE   ASN   OD1   CG   ND2   LG1   Nhis   aroC   Nhis ###  REMARK _6uek_NAD.pdb_ASN322_NAD_Packing_score_-1.556671\n', 'RT 0.238298 0.0459711 -0.970103 0.294033 0.948585 0.117178 0.925613 -0.313165 0.212529 0.812568 -0.154908 -4.85586  \n']
Hit a duplicate of:
['SINGLE   GLU   OE1   CD   OE2   LG1   OOC   CH1   CH1 ###  REMARK _3qlr_NDP.pdb_GLU116_NDP_Packing_score_-3.417231\n', 'RT 0.696072 0.112684 -0.709074 0.340565 0.81761 0.464252 0.632059 -0.564639 0.530739 3.1025 1.2729 -2.72707  \n']
Hit a duplicate of:
['SINGLE   HIS   ND1   CE1   NE2   LG1   CH2   CH2   CH2 ###  REMARK _5xdx_PSC.pdb_HIS328_PSC_Packing_score_-2.653826\n', 'RT -0.167742 0.968703 -0.182969 0.594449 -0.0486711 -0.802659 -0.786443 -0.243406 -0.56768 -0.00595832 3.9361 3.91391  \n']
Hit a duplicate of:
['SINGLE   GLU   OE1   CD   OE2   LG1   OH   CH2   CH1 ###  REMARK _5f4h_GOL.pdb_GLU249_GOL_Packing_score_-1.771546\n', 'RT 0.677304 -0.301948 0.670885 0.578756 0.781659 -0.232489 -0.454203 0.545744 0.704175 -1.58433 1.84493 -3.11321  \n']
Hit a duplicate of:
['SINGLE   ARG   NH1   CZ   NH2   LG1   OOC   Phos   OH ###  REMARK _6gpj_NAP.pdb_ARG56_NAP_Packing_score_-1.662259\n', 'RT -0.442422 0.296788 -0.846274 -0.805149 0.284146 0.520573 0.394965 0.91169 0.113246 2.31878 4.12988 -0.829535  \n']
Hit a duplicate of:
['SINGLE   MET   CG   SD   CE   LG1   aroC   aroC   CH3 ###  REMARK _1bgy_HEC.pdb_MET160_HEC_Packing_score_-5.019730\n', 'RT -0.485285 0.694985 -0.53056 0.339811 -0.409189 -0.846814 -0.805622 -0.591236 -0.03759 1.9649 -3.84795 1.77051  \n']
Hit a duplicate of:
['SINGLE   TYR   CE1   CZ   CE2   LG1   COO   Ntrp   CH2 ###  REMARK _4ntb_GSH.pdb_TYR93_GSH_Packing_score_-1.076749\n', 'RT 0.823387 -0.0348563 -0.566409 0.452896 0.641774 0.618879 0.341935 -0.766101 0.544215 -0.958772 -5.29853 0.67419  \n']
Hit a duplicate of:
['SINGLE   ALA   CB   CA   N   LG1   CH2   CH2   CH2 ###  REMARK _6sqg_LFA.pdb_ALA164_LFA_Packing_score_-1.804155\n', 'RT 0.013134 0.151225 0.988412 0.686204 -0.72035 0.101094 0.72729 0.676925 -0.113232 -0.79446 0.542488 -4.50129  \n']
Hit a duplicate of:
['SINGLE   ALA   CB   CA   N   LG1   CH1   CH1   CH1 ###  REMARK _5dzg_BGC.pdb_ALA18_BGC_Packing_score_-1.890457\n', 'RT 0.903404 0.409501 -0.127164 0.117311 0.049209 0.991875 0.412432 -0.910982 -0.00358349 0.899169 -3.20447 -1.29023  \n']
Hit a duplicate of:
['SINGLE   ASP   OD1   CG   OD2   LG1   OH   CH2   CH1 ###  REMARK _4yl4_GOL.pdb_ASP51_GOL_Packing_score_-1.613628\n', 'RT 0.665346 0.604507 -0.438049 0.295519 -0.752116 -0.589059 -0.685554 0.262476 -0.67906 1.68331 -2.74913 0.6172  \n']
Hit a duplicate of:
['SINGLE   TRP   CG   CD2   CE2   LG1   aroC   aroC   aroC ###  REMARK _6g4p_JDS.pdb_TRP279_JDS_Packing_score_-9.018101\n', 'RT -0.103618 0.993322 -0.05074 0.988881 0.0974157 -0.112357 -0.106664 -0.0618181 -0.992372 0.157561 -0.484903 -3.44266  \n']
Hit a duplicate of:
['SINGLE   TYR   CE1   CZ   CE2   LG1   aroC   aroC   aroC ###  REMARK _3fh7_25P.pdb_TYR378_25P_Packing_score_-4.238680\n', 'RT 0.108795 -0.684754 0.720608 0.989414 0.00455805 -0.145047 0.0960372 0.72876 0.678001 6.048 0.337952 1.20752  \n']
Hit a duplicate of:
['SINGLE   ASN   OD1   CG   ND2   LG1   CH2   CH2   OH ###  REMARK _5e9s_PGE.pdb_ASN143_PGE_Packing_score_-2.755631\n', 'RT 0.399697 0.00948719 0.916598 -0.298581 -0.944064 0.139972 0.866656 -0.329625 -0.374507 -4.51175 0.563786 0.0174425  \n']
Hit a duplicate of:
['SINGLE   ARG   NH1   CZ   NH2   LG1   OOC   COO   OOC ###  REMARK _6t6b_MLQ.pdb_ARG288_MLQ_Packing_score_-3.053573\n', 'RT -0.75116 0.640895 -0.15815 0.374904 0.216995 -0.90131 -0.543327 -0.73632 -0.403272 -6.17834 -5.79126 -0.379061  \n']
Hit a duplicate of:
['SINGLE   ASP   OD1   CG   OD2   LG1   OH   CH1   CH1 ###  REMARK _6uk3_ADN.pdb_ASP236_ADN_Packing_score_-1.285283\n', 'RT -0.889588 -0.330261 -0.315534 -0.213428 0.911299 -0.352112 0.403834 -0.245891 -0.881167 1.68648 3.42274 0.469875  \n']
Hit a duplicate of:
['SINGLE   ILE   CG1   CB   CG2   LG1   OH   CH2   CH2 ###  REMARK _2wsd_EDO.pdb_ILE173_EDO_Packing_score_-1.158908\n', 'RT -0.583123 0.431948 -0.688032 0.432841 -0.55151 -0.713082 -0.687471 -0.713623 0.134633 1.73844 1.82046 -3.44494  \n']
Hit a duplicate of:
['SINGLE   HIS   ND1   CE1   NE2   LG1   aroC   aroC   aroC ###  REMARK _2d6c_HME.pdb_HIS97_HME_Packing_score_-5.155845\n', 'RT -0.954535 0.185823 -0.233094 0.26099 0.898773 -0.352267 0.144039 -0.397086 -0.906408 0.711156 1.2601 -3.60037  \n']
Hit a duplicate of:
['SINGLE   LEU   CD1   CG   CD2   LG1   Ntrp   COO   aroC ###  REMARK _2isl_FNR.pdb_LEU108_FNR_Packing_score_-1.780551\n', 'RT 0.550919 -0.757405 -0.350465 -0.711542 -0.20684 -0.671509 0.436115 0.619318 -0.652878 -4.51194 0.628333 -2.48712  \n']
Hit a duplicate of:
['SINGLE   ASN   OD1   CG   ND2   LG1   OH   CH1   CH2 ###  REMARK _6uvy_GOL.pdb_ASN98_GOL_Packing_score_-1.125874\n', 'RT -0.170466 -0.985292 0.0118716 0.57266 -0.0892576 0.814919 -0.801874 0.145714 0.579453 1.87812 2.74906 -3.50592  \n']
Hit a duplicate of:
['SINGLE   HIS   ND1   CE1   NE2   LG1   OOC   Phos   OOC ###  REMARK _6uil_PO4.pdb_HIS201_PO4_Packing_score_-1.428647\n', 'RT -0.342299 0.928946 0.141035 -0.147006 -0.201203 0.968456 0.92802 0.310768 0.205432 2.46629 -3.57898 0.461714  \n']
Hit a duplicate of:
['SINGLE   HIS   ND1   CE1   NE2   LG1   CH3   Npro   CH3 ###  REMARK _6g60_CHT.pdb_HIS145_CHT_Packing_score_-3.033560\n', 'RT 0.616748 0.199282 -0.761517 -0.719103 -0.250857 -0.648044 -0.320176 0.947289 -0.0114113 -0.198092 1.83035 4.02427  \n']
Hit a duplicate of:
['SINGLE   TYR   CE1   CZ   CE2   LG1   OH   CH2   CH1 ###  REMARK _6faa_GOL.pdb_TYR489_GOL_Packing_score_-2.844910\n', 'RT -0.756896 -0.290201 -0.58557 0.645535 -0.471754 -0.60061 -0.101947 -0.832605 0.544403 0.400738 1.2609 -3.29427  \n']
Hit a duplicate of:
['SINGLE   ALA   CB   CA   N   LG1   OOC   Phos   OH ###  REMARK _5y0q_APC.pdb_ALA207_APC_Packing_score_-1.609964\n', 'RT -0.618141 0.518079 0.591181 0.666606 0.744053 0.0449576 -0.416579 0.421875 -0.805285 2.54775 3.17222 2.1508  \n']
Hit a duplicate of:
['SINGLE   ARG   NH1   CZ   NH2   LG1   aroC   aroC   Nhis ###  REMARK _6tpv_IMD.pdb_ARG355_IMD_Packing_score_-2.449145\n', 'RT -0.100466 0.938661 0.329881 0.559697 0.327441 -0.761263 -0.822585 0.108153 -0.558263 0.511841 -0.660001 4.06456  \n']
Hit a duplicate of:
['SINGLE   THR   OG1   CB   CG2   LG1   OH   CH2   CH2 ###  REMARK _5a4j_PEG.pdb_THR164_PEG_Packing_score_-1.075640\n', 'RT -0.726437 -0.00350769 -0.687224 -0.493467 0.698646 0.518058 0.478309 0.715459 -0.509253 -1.47561 5.32025 0.563969  \n']
Hit a duplicate of:
['SINGLE   GLN   OE1   CD   NE2   LG1   OH   CH2   CH2 ###  REMARK _4pob_EDO.pdb_GLN73_EDO_Packing_score_-1.457071\n', 'RT -0.404973 -0.907829 -0.108829 0.882629 -0.419223 0.212644 -0.238668 -0.00994033 0.97105 -0.0922644 -3.17015 -3.15536  \n']
Hit a duplicate of:
['SINGLE   LEU   CD1   CG   CD2   LG1   aroC   Nhis   aroC ###  REMARK _4riw_ANP.pdb_LEU696_ANP_Packing_score_-2.284884\n', 'RT -0.970091 0.231834 -0.0719478 -0.241039 -0.955046 0.172591 -0.028701 0.184771 0.982362 -2.43901 5.1899 2.25939  \n']
110000
Hit a duplicate of:
['SINGLE   MET   CG   SD   CE   LG1   OH   CH1   CH2 ###  REMARK _3vy2_FMN.pdb_MET51_FMN_Packing_score_-3.868214\n', 'RT -0.681229 0.311869 -0.662318 -0.419921 -0.907549 0.00456754 -0.599662 0.281233 0.749209 5.4842 2.74076 0.724658  \n']
Hit a duplicate of:
['SINGLE   ASN   OD1   CG   ND2   LG1   CH1   CH1   OOC ###  REMARK _6uaw_BGC.pdb_ASN88_BGC_Packing_score_-1.544790\n', 'RT -0.795507 0.231337 0.560046 0.108204 -0.855165 0.506937 0.596205 0.463871 0.655258 2.92127 3.1173 2.07737  \n']
Hit a duplicate of:
['SINGLE   ASP   OD1   CG   OD2   LG1   CH1   CH1   CH1 ###  REMARK _6ubb_BGC.pdb_ASP183_BGC_Packing_score_-1.109167\n', 'RT -0.79753 -0.0745587 0.598654 0.340673 0.763308 0.548911 -0.497883 0.641718 -0.583361 -4.53298 1.16011 0.378861  \n']
Hit a duplicate of:
['SINGLE   ASN   OD1   CG   ND2   LG1   CH1   CH1   OH ###  REMARK _3vmo_GLC.pdb_ASN136_GLC_Packing_score_-2.068120\n', 'RT -0.136917 -0.544754 -0.827343 0.140084 0.816167 -0.560578 0.980627 -0.192651 -0.0354362 1.12774 2.37932 2.6498  \n']
Hit a duplicate of:
['SINGLE   ILE   CG1   CB   CG2   LG1   CH1   CH1   OH ###  REMARK _4y1b_NAP.pdb_ILE388_NAP_Packing_score_-9.904965\n', 'RT -0.762065 -0.571481 0.30441 0.622865 -0.775452 0.103506 0.176904 0.268485 0.946901 1.90439 0.833332 -0.525756  \n']
Hit a duplicate of:
['SINGLE   PHE   CE1   CZ   CE2   LG1   CH2   CH2   CH3 ###  REMARK _4il9_LMT.pdb_PHE237_LMT_Packing_score_-5.673024\n', 'RT 0.476014 -0.197053 -0.857077 -0.0814032 -0.980262 0.180164 -0.875662 -0.0159918 -0.48266 1.99626 -0.500889 0.602915  \n']
Hit a duplicate of:
['SINGLE   TYR   CE1   CZ   CE2   LG1   CH1   aroC   CH1 ###  REMARK _3w7f_FPS.pdb_TYR41_FPS_Packing_score_-2.245351\n', 'RT 0.235926 -0.286631 -0.928537 0.92141 -0.237628 0.307468 -0.308776 -0.928103 0.208042 -2.69276 4.6802 0.306305  \n']
Hit a duplicate of:
['SINGLE   LEU   CD1   CG   CD2   LG1   aroC   Nhis   Ntrp ###  REMARK _2yiw_I46.pdb_LEU291_I46_Packing_score_-2.177630\n', 'RT 0.262432 0.206384 -0.942621 0.901696 0.295409 0.315717 0.343618 -0.932812 -0.10857 -0.170449 -4.51819 4.94977  \n']
Hit a duplicate of:
['SINGLE   PHE   CE1   CZ   CE2   LG1   aroC   Nhis   aroC ###  REMARK _3qdl_FMN.pdb_PHE72_FMN_Packing_score_-6.698983\n', 'RT -0.516973 -0.812089 -0.270647 0.756469 -0.581398 0.299552 -0.400616 -0.0498761 0.914887 -0.62933 0.0545986 2.44098  \n']
Hit a duplicate of:
['SINGLE   ASN   OD1   CG   ND2   LG1   OH   CH2   CH2 ###  REMARK _3pet_PG4.pdb_ASN128_PG4_Packing_score_-1.615522\n', 'RT -0.526132 0.814926 0.243067 0.621984 0.17384 0.763489 0.579932 0.55288 -0.598333 -1.78681 -7.9836 0.211497  \n']
Hit a duplicate of:
['SINGLE   THR   OG1   CB   CG2   LG1   OOC   Phos   OOC ###  REMARK _1pc3_PO4.pdb_THR36_PO4_Packing_score_-1.141172\n', 'RT 0.918262 0.31175 0.244146 0.00493952 0.607505 -0.7943 -0.395943 0.730582 0.556309 3.31992 0.772582 3.12717  \n']
Hit a duplicate of:
['SINGLE   GLN   OE1   CD   NE2   LG1   Nhis   aroC   aroC ###  REMARK _6ujx_1RY.pdb_GLN151_1RY_Packing_score_-2.506729\n', 'RT -0.825695 0.422431 -0.373871 -0.519324 -0.310399 0.796213 0.220296 0.851589 0.475673 4.92713 -1.22842 -2.13668  \n']
Hit a duplicate of:
['SINGLE   PRO   CG   CD   NV   LG1   F   CH1   F ###  REMARK _2qnn_QN1.pdb_PRO81_QN1_Packing_score_-2.071998\n', 'RT -0.527902 0.181525 0.82968 0.849155 0.0944485 0.519629 0.0159635 0.97884 -0.204002 6.29273 0.0494933 -0.171475  \n']
Hit a duplicate of:
['SINGLE   TRP   CG   CD2   CE2   LG1   CH2   aroC   aroC ###  REMARK _2xuk_TZ5.pdb_TRP86_TZ5_Packing_score_-7.743218\n', 'RT -0.923001 0.384798 0.00038434 -0.383808 -0.920698 0.0707579 0.0275814 0.0651621 0.997493 -1.01729 0.467811 -3.79742  \n']
Hit a duplicate of:
['SINGLE   GLN   OE1   CD   NE2   LG1   CH3   aroC   aroC ###  REMARK _3dd1_25D.pdb_GLN71_25D_Packing_score_-6.899771\n', 'RT 0.197567 -0.937136 -0.287653 -0.976492 -0.213942 0.0263171 -0.0862038 0.275691 -0.957373 -3.07238 -1.10741 -2.79415  \n']
Hit a duplicate of:
['SINGLE   TRP   CG   CD2   CE2   LG1   CH2   CH2   CH2 ###  REMARK _6rfb_LFA.pdb_TRP143_LFA_Packing_score_-1.198062\n', 'RT 0.259737 0.964225 0.0529772 0.321123 -0.0345037 -0.946409 -0.910723 0.262829 -0.318597 2.80578 -2.50201 15.8659  \n']
Hit a duplicate of:
['SINGLE   THR   OG1   CB   CG2   LG1   OH   CH1   CH2 ###  REMARK _6h44_GOL.pdb_THR203_GOL_Packing_score_-1.334721\n', 'RT -0.0122379 0.944709 0.327681 -0.815528 -0.199051 0.543409 0.578589 -0.260582 0.772873 2.90361 3.27283 -1.07402  \n']
Hit a duplicate of:
['SINGLE   VAL   CG1   CB   CG2   LG1   OH   CH2   CH1 ###  REMARK _2riq_GOL.pdb_VAL323_GOL_Packing_score_-1.012203\n', 'RT 0.200037 -0.909155 0.365271 -0.494633 -0.415518 -0.763337 0.845768 -0.0279797 -0.532816 6.57405 1.943 0.885836  \n']
Hit a duplicate of:
['SINGLE   LEU   CD1   CG   CD2   LG1   aroC   Nhis   aroC ###  REMARK _1t40_NAP.pdb_LEU228_NAP_Packing_score_-1.126376\n', 'RT 0.0840344 0.775421 -0.625828 -0.959966 0.231417 0.157831 0.267213 0.587511 0.763825 -1.33366 2.21917 3.79565  \n']
Hit a duplicate of:
['SINGLE   SER   OG   CB   CA   LG1   OH   CH2   CH2 ###  REMARK _2qtk_C8E.pdb_SER302_C8E_Packing_score_-1.341146\n', 'RT -0.450009 -0.159985 0.878576 0.88191 -0.234348 0.409043 0.140452 0.958898 0.246551 4.50717 0.696373 -0.117106  \n']
Hit a duplicate of:
['SINGLE   TRP   CG   CD2   CE2   LG1   aroC   Npro   aroC ###  REMARK _4xzm_NAP.pdb_TRP21_NAP_Packing_score_-6.774591\n', 'RT -0.263195 -0.454611 0.850915 0.238592 0.823941 0.513999 -0.934774 0.338303 -0.108391 0.631265 -2.56739 -3.79433  \n']
Hit a duplicate of:
['SINGLE   ASN   OD1   CG   ND2   LG1   CH1   CH1   CH2 ###  REMARK _5zjf_9G9.pdb_ASN204_9G9_Packing_score_-2.727506\n', 'RT 0.749637 0.303054 -0.58839 -0.660383 0.283339 -0.695423 -0.0440363 0.909878 0.412533 2.45817 3.57518 -0.433788  \n']
Hit a duplicate of:
['SINGLE   ALA   CB   CA   N   LG1   Nhis   aroC   Ntrp ###  REMARK _4ktl_1CQ.pdb_ALA167_1CQ_Packing_score_-1.064701\n', 'RT -0.6079 -0.737899 0.293193 0.693467 -0.313552 0.648682 -0.38673 0.597654 0.702317 0.92441 -6.05556 3.005  \n']
Hit a duplicate of:
['SINGLE   TRP   CG   CD2   CE2   LG1   OH   CH1   CH1 ###  REMARK _5hko_62W.pdb_TRP197_62W_Packing_score_-5.122458\n', 'RT 0.664035 -0.593026 -0.455388 0.163216 -0.479397 0.862287 -0.72967 -0.646915 -0.221545 -0.276049 3.62723 -3.16513  \n']
Hit a duplicate of:
['SINGLE   VAL   CG1   CB   CG2   LG1   aroC   aroC   aroC ###  REMARK _6tb8_HEM.pdb_VAL377_HEM_Packing_score_-1.304149\n', 'RT 0.670149 -0.721194 -0.17544 0.736634 0.617293 0.276259 -0.0909382 -0.31437 0.944935 4.20464 -1.8549 3.4658  \n']
Hit a duplicate of:
['SINGLE   TRP   CG   CD2   CE2   LG1   CH2   CH2   CH2 ###  REMARK _4n7k_CDL.pdb_TRP148_CDL_Packing_score_-8.795492\n', 'RT 0.288962 -0.609436 0.738301 0.766093 -0.315279 -0.560089 0.574109 0.727452 0.375781 2.75173 -3.95398 -4.03503  \n']
Hit a duplicate of:
['SINGLE   THR   OG1   CB   CG2   LG1   CH2   CH2   CH3 ###  REMARK _6ebv_27Q.pdb_THR172_27Q_Packing_score_-1.139040\n', 'RT -0.676757 0.448694 -0.583673 0.141037 0.857143 0.495393 0.722571 0.252941 -0.64336 2.30746 -4.1265 -3.24418  \n']
Hit a duplicate of:
['SINGLE   TYR   CE1   CZ   CE2   LG1   aroC   aroC   aroC ###  REMARK _6suy_HEC.pdb_TYR67_HEC_Packing_score_-2.239918\n', 'RT 0.392687 0.343538 0.8531 0.691099 -0.722245 -0.0272736 0.606778 0.600286 -0.521035 -4.53722 -3.41851 1.01412  \n']
Hit a duplicate of:
['SINGLE   ALA   CB   CA   N   LG1   aroC   aroC   Nhis ###  REMARK _6j94_HEM.pdb_ALA377_HEM_Packing_score_-1.882778\n', 'RT 0.163214 0.697533 -0.697717 0.614649 0.481295 0.624949 0.77173 -0.530852 -0.350184 1.52454 -3.63875 3.12804  \n']
Hit a duplicate of:
['SINGLE   TYR   CE1   CZ   CE2   LG1   OH   CH2   CH2 ###  REMARK _3s1e_PEG.pdb_TYR96_PEG_Packing_score_-2.779238\n', 'RT 0.129235 0.0363154 -0.990949 -0.751143 0.655987 -0.0739206 0.647366 0.753898 0.112055 -0.333778 0.319862 -4.32533  \n']
Hit a duplicate of:
['SINGLE   ARG   NH1   CZ   NH2   LG1   OOC   S   OOC ###  REMARK _3is8_SO4.pdb_ARG117_SO4_Packing_score_-1.995727\n', 'RT 0.501505 0.385706 -0.774419 -0.708801 0.696437 -0.112145 0.496079 0.60515 0.622655 -3.48499 -0.108357 -2.229  \n']
Hit a duplicate of:
['SINGLE   ALA   CB   CA   N   LG1   aroC   aroC   CH3 ###  REMARK _2qjk_HEM.pdb_ALA97_HEM_Packing_score_-1.009025\n', 'RT -0.72644 -0.673743 -0.13548 -0.643692 0.736118 -0.209261 0.240717 -0.0648085 -0.968429 0.100967 -1.30917 -3.61128  \n']
Hit a duplicate of:
['SINGLE   ARG   NH1   CZ   NH2   LG1   OOC   Phos   OH ###  REMARK _2x9v_NAP.pdb_ARG14_NAP_Packing_score_-3.965138\n', 'RT -0.799849 0.222587 -0.557401 0.586142 0.0898514 -0.805211 -0.129146 -0.970764 -0.202335 1.26021 -4.55983 1.24853  \n']
Hit a duplicate of:
['SINGLE   HIS   ND1   CE1   NE2   LG1   OH   CH1   Nhis ###  REMARK _6hwr_H1Q.pdb_HIS296_H1Q_Packing_score_-2.438496\n', 'RT -0.308307 0.726346 -0.614303 0.268513 -0.553055 -0.788689 -0.912605 -0.408107 -0.0245228 -0.64556 -2.43254 3.3615  \n']
Hit a duplicate of:
['SINGLE   CYS   SG   CB   CA   LG1   CH1   OH   Phos ###  REMARK _5whx_NAP.pdb_CYS72_NAP_Packing_score_-2.784073\n', 'RT 0.188837 -0.464283 0.865322 0.0971148 0.885686 0.454015 -0.977195 -0.00169936 0.212339 -6.44318 -0.887512 0.832736  \n']
Hit a duplicate of:
['SINGLE   ARG   NH1   CZ   NH2   LG1   OOC   COO   OH ###  REMARK _6ub9_FMT.pdb_ARG119_FMT_Packing_score_-1.299256\n', 'RT -0.773383 0.563619 0.290194 -0.535774 -0.336433 -0.774441 -0.338859 -0.754418 0.562164 -0.384129 -0.304935 -3.64241  \n']
Hit a duplicate of:
['SINGLE   SER   OG   CB   CA   LG1   Nhis   COO   ONH2 ###  REMARK _4f7l_0SO.pdb_SER62_0SO_Packing_score_-1.761512\n', 'RT -0.0624026 0.433824 0.898834 0.316655 0.862666 -0.394383 -0.946486 0.26001 -0.191205 0.408675 -2.1342 -0.712777  \n']
Hit a duplicate of:
['SINGLE   ARG   NH1   CZ   NH2   LG1   CH1   CH2   OH ###  REMARK _3rcy_GOL.pdb_ARG273_GOL_Packing_score_-1.360847\n', 'RT -0.0225759 -0.434948 -0.900173 0.238086 0.872158 -0.427383 0.970982 -0.223967 0.0838654 2.29341 -3.75232 1.96402  \n']
Hit a duplicate of:
['SINGLE   TRP   CG   CD2   CE2   LG1   OOC   COO   OH ###  REMARK _3rsj_SIA.pdb_TRP1250_SIA_Packing_score_-1.226235\n', 'RT -0.0531739 -0.0734388 -0.995881 -0.998585 0.00375927 0.0530411 -0.000151489 0.997293 -0.0735348 -5.27006 -0.618154 -3.29852  \n']
Hit a duplicate of:
['SINGLE   THR   OG1   CB   CG2   LG1   CH2   CH1   CH2 ###  REMARK _3amo_GOL.pdb_THR521_GOL_Packing_score_-1.565867\n', 'RT -0.84352 -0.130669 0.52096 -0.190876 0.979567 -0.0633629 -0.502036 -0.152887 -0.851226 3.92629 2.92158 0.751925  \n']
Hit a duplicate of:
['SINGLE   HIS   ND1   CE1   NE2   LG1   OOC   Phos   OOC ###  REMARK _1uv5_PO4.pdb_HIS173_PO4_Packing_score_-1.956128\n', 'RT 0.468563 0.0759669 0.880158 0.4574 0.831499 -0.31527 -0.7558 0.550308 0.354862 2.27628 -2.78517 1.99892  \n']
Hit a duplicate of:
['SINGLE   TYR   CE1   CZ   CE2   LG1   CH1   CH1   OH ###  REMARK _3u2u_GLC.pdb_TYR195_GLC_Packing_score_-3.637996\n', 'RT -0.457475 -0.821204 -0.341087 -0.543776 0.561855 -0.623399 0.703579 -0.0997147 -0.703586 -1.70853 -3.00262 -1.41344  \n']
120000
Hit a duplicate of:
['SINGLE   TYR   CE1   CZ   CE2   LG1   OOC   Phos   OH ###  REMARK _3tdk_NAD.pdb_TYR14_NAD_Packing_score_-1.511029\n', 'RT 0.0865487 0.627949 0.773427 0.501416 0.643386 -0.578478 -0.860867 0.437875 -0.25918 6.28661 3.7373 1.1883  \n']
Hit a duplicate of:
['SINGLE   THR   OG1   CB   CG2   LG1   aroC   aroC   Oaro ###  REMARK _3bxx_QUE.pdb_THR208_QUE_Packing_score_-1.080238\n', 'RT -0.0673582 -0.768843 -0.63588 -0.452601 0.591526 -0.66727 0.889165 0.242854 -0.387823 2.60466 2.21733 -4.55669  \n']
Hit a duplicate of:
['SINGLE   LYS   NZ   CE   CD   LG1   OH   CH2   CH2 ###  REMARK _5fxv_EDO.pdb_LYS895_EDO_Packing_score_-1.683455\n', 'RT 0.4457 0.173529 -0.878202 -0.880281 -0.0932935 -0.46519 -0.162655 0.9804 0.111174 3.19756 2.82441 -0.0525305  \n']
Hit a duplicate of:
['SINGLE   TYR   CE1   CZ   CE2   LG1   aroC   aroC   aroC ###  REMARK _4l4l_1XC.pdb_TYR18_1XC_Packing_score_-4.383647\n', 'RT 0.301794 0.200151 -0.932127 0.912585 0.222274 0.343194 0.275879 -0.954219 -0.115574 -1.95675 -3.12583 -3.44043  \n']
Hit a duplicate of:
['SINGLE   ARG   NH1   CZ   NH2   LG1   CH2   CH1   OH ###  REMARK _5h41_BGC.pdb_ARG916_BGC_Packing_score_-1.934643\n', 'RT -0.0248736 0.919037 -0.393385 -0.608183 0.298396 0.735577 0.793407 0.257547 0.55152 4.79628 -0.719088 1.38546  \n']
Hit a duplicate of:
['SINGLE   ASN   OD1   CG   ND2   LG1   NH2O   CH2   CH2 ###  REMARK _5b1a_PEK.pdb_ASN76_PEK_Packing_score_-1.313342\n', 'RT -0.262622 0.112012 0.958375 0.380998 0.924568 -0.00365675 -0.886493 0.364179 -0.285488 0.59467 3.02961 1.99706  \n']
Hit a duplicate of:
['SINGLE   VAL   CG1   CB   CG2   LG1   aroC   aroC   Npro ###  REMARK _3qmo_HEM.pdb_VAL447_HEM_Packing_score_-3.319797\n', 'RT -0.277891 0.646289 -0.710695 -0.111555 -0.756541 -0.644361 -0.954113 -0.099781 0.282333 2.12387 4.28061 3.06033  \n']
Hit a duplicate of:
['SINGLE   MET   CG   SD   CE   LG1   OOC   COO   OH ###  REMARK _1vf3_GDN.pdb_MET1222_GDN_Packing_score_-1.683325\n', 'RT -0.300699 -0.106466 -0.947758 0.867837 0.381579 -0.318207 0.395523 -0.918184 -0.0223452 -3.48319 -0.907806 0.318052  \n']
Hit a duplicate of:
['SINGLE   GLU   OE1   CD   OE2   LG1   NH2O   COO   NH2O ###  REMARK _4evt_URE.pdb_GLU445_URE_Packing_score_-1.219129\n', 'RT 0.337858 0.757945 -0.558007 0.899115 -0.435208 -0.0467563 -0.278288 -0.485915 -0.828518 3.38559 -3.6839 1.20559  \n']
Hit a duplicate of:
['SINGLE   PHE   CE1   CZ   CE2   LG1   aroC   aroC   aroC ###  REMARK _2glm_SCB.pdb_PHE59_SCB_Packing_score_-4.703820\n', 'RT -0.778761 -0.419684 0.466258 -0.435294 0.896718 0.0801013 -0.451719 -0.14058 -0.881015 3.06774 1.72122 4.13181  \n']
Hit a duplicate of:
['SINGLE   PRO   CG   CD   NV   LG1   Nhis   aroC   Nhis ###  REMARK _2hv5_NAP.pdb_PRO211_NAP_Packing_score_-3.530255\n', 'RT 0.390719 0.567054 -0.725113 -0.178192 0.819422 0.544789 0.903098 -0.08365 0.421208 4.13984 1.01974 -1.78165  \n']
Hit a duplicate of:
['SINGLE   PRO   CG   CD   NV   LG1   OOC   COO   OH ###  REMARK _2qla_HEM.pdb_PRO46_HEM_Packing_score_-1.005900\n', 'RT 0.277598 0.948133 0.154864 0.932418 -0.304727 0.194262 0.231377 0.0904716 -0.968648 0.700911 -4.50388 -0.193216  \n']
Hit a duplicate of:
['SINGLE   GLN   OE1   CD   NE2   LG1   OOC   Phos   OH ###  REMARK _3dr8_ACO.pdb_GLN92_ACO_Packing_score_-3.319886\n', 'RT -0.275685 0.882284 0.381539 0.854988 0.406468 -0.322149 -0.43931 0.2374 -0.866399 -2.64681 -3.19094 3.90803  \n']
Hit a duplicate of:
['SINGLE   TYR   CE1   CZ   CE2   LG1   aroC   aroC   CH3 ###  REMARK _3ell_HEM.pdb_TYR56_HEM_Packing_score_-2.125082\n', 'RT -0.653402 -0.130904 -0.745607 0.00819954 0.983654 -0.179882 0.756967 -0.123649 -0.641648 0.0382042 -0.939643 4.49967  \n']
Hit a duplicate of:
['SINGLE   PHE   CE1   CZ   CE2   LG1   CH2   CH2   CH2 ###  REMARK _4il9_LMT.pdb_PHE237_LMT_Packing_score_-3.042110\n', 'RT 0.876389 0.464866 -0.125866 -0.0240072 -0.218854 -0.975462 -0.481005 0.857906 -0.180641 -0.517421 2.49226 -4.21118  \n']
Hit a duplicate of:
['SINGLE   VAL   CG1   CB   CG2   LG1   ONH2   COO   NH2O ###  REMARK _2azn_NAP.pdb_VAL15_NAP_Packing_score_-1.307490\n', 'RT -0.051118 0.742044 0.668399 -0.992099 0.0390483 -0.119225 -0.11457 -0.669213 0.734185 -2.53504 3.15121 -2.37535  \n']
Hit a duplicate of:
['SINGLE   TYR   CE1   CZ   CE2   LG1   CH1   Nhis   aroC ###  REMARK _2dei_MAP.pdb_TYR70_MAP_Packing_score_-3.156216\n', 'RT -0.286419 0.951756 0.110116 -0.419947 -0.0214055 -0.907296 -0.861167 -0.306109 0.405818 2.93233 1.02349 4.85822  \n']
Hit a duplicate of:
['SINGLE   ILE   CG1   CB   CG2   LG1   CH2   CH2   CH2 ###  REMARK _6rfb_LFA.pdb_ILE249_LFA_Packing_score_-7.562685\n', 'RT -0.686848 -0.0489808 0.725149 0.4653 -0.796093 0.386951 0.558333 0.603189 0.569585 0.552922 1.10692 -0.111418  \n']
Hit a duplicate of:
['SINGLE   PRO   CG   CD   NV   LG1   aroC   aroC   aroC ###  REMARK _3mg7_L2T.pdb_PRO115_L2T_Packing_score_-2.596315\n', 'RT 0.758171 -0.630339 0.166879 -0.578216 -0.768223 -0.274773 0.301401 0.111833 -0.946917 0.163057 -1.5732 -3.40759  \n']
Hit a duplicate of:
['SINGLE   HIS   ND1   CE1   NE2   LG1   aroC   aroC   CH3 ###  REMARK _1gpn_HUB.pdb_HIS440_HUB_Packing_score_-1.804168\n', 'RT 0.230841 -0.693146 -0.682833 -0.928482 -0.366756 0.0584096 -0.29092 0.620515 -0.728235 -1.86849 6.08654 -0.774519  \n']
Hit a duplicate of:
['SINGLE   PHE   CE1   CZ   CE2   LG1   Nhis   Nhis   aroC ###  REMARK _2yhi_W16.pdb_PHE97_W16_Packing_score_-4.315878\n', 'RT -0.813426 -0.565665 -0.135507 -0.566112 0.823406 -0.0389783 0.133626 0.0450062 -0.990009 1.59166 -0.1987 3.69603  \n']
Hit a duplicate of:
['SINGLE   TYR   CE1   CZ   CE2   LG1   CH1   COO   OOC ###  REMARK _2cwt_TPQ.pdb_TYR284_TPQ_Packing_score_-1.678174\n', 'RT 0.117645 -0.824606 -0.55334 -0.991835 -0.0699544 -0.106625 0.0492147 0.561366 -0.826103 -1.18495 -4.13014 -0.00944342  \n']
Hit a duplicate of:
['SINGLE   LYS   NZ   CE   CD   LG1   CH2   COO   Ntrp ###  REMARK _2cvd_GSH.pdb_LYS50_GSH_Packing_score_-4.916510\n', 'RT 0.445534 -0.538784 -0.714991 0.466698 0.821311 -0.328087 0.763998 -0.187511 0.617371 -3.13544 0.67856 3.03592  \n']
Hit a duplicate of:
['SINGLE   PHE   CE1   CZ   CE2   LG1   aroC   aroC   aroC ###  REMARK _5vj0_HEM.pdb_PHE248_HEM_Packing_score_-5.048826\n', 'RT 0.617071 -0.719747 0.3181 0.725119 0.677106 0.12542 -0.305658 0.153267 0.939725 -3.55687 -1.30093 -2.06463  \n']
Hit a duplicate of:
['SINGLE   SER   OG   CB   CA   LG1   OH   CH2   CH2 ###  REMARK _4d7l_PGE.pdb_SER181_PGE_Packing_score_-2.230220\n', 'RT -0.0299215 0.566775 -0.823329 0.913529 0.349807 0.207605 0.405672 -0.745923 -0.528232 -3.75753 -2.1153 -1.66858  \n']
Hit a duplicate of:
['SINGLE   GLN   OE1   CD   NE2   LG1   aroC   Nhis   aroC ###  REMARK _5svn_NDP.pdb_GLN296_NDP_Packing_score_-2.643737\n', 'RT 0.502611 -0.847886 0.168736 -0.0478366 -0.222158 -0.973837 0.863188 0.481389 -0.152219 -2.38628 2.47068 -3.4151  \n']
Hit a duplicate of:
['SINGLE   VAL   CG1   CB   CG2   LG1   CH2   CH1   CH2 ###  REMARK _2wge_GOL.pdb_VAL285_GOL_Packing_score_-1.652316\n', 'RT 0.299963 0.882709 0.361727 0.370031 -0.457164 0.808751 0.87926 -0.108745 -0.463762 0.0696388 -0.737928 4.22871  \n']
Hit a duplicate of:
['SINGLE   ASP   OD1   CG   OD2   LG1   CH2   CH2   OH ###  REMARK _4h09_EDO.pdb_ASP63_EDO_Packing_score_-1.268249\n', 'RT -0.630204 0.437254 -0.641601 -0.533028 0.357206 0.766997 0.564556 0.825356 0.00795582 -1.37783 1.00808 -3.88479  \n']
Hit a duplicate of:
['SINGLE   ARG   NH1   CZ   NH2   LG1   aroC   aroC   Nhis ###  REMARK _5tlp_7EH.pdb_ARG394_7EH_Packing_score_-2.742807\n', 'RT -0.539253 0.185812 0.821389 0.585384 -0.618479 0.524223 0.605419 0.763517 0.224746 1.2111 2.66229 -4.22771  \n']
Hit a duplicate of:
['SINGLE   PHE   CE1   CZ   CE2   LG1   aroC   aroC   aroC ###  REMARK _5dkl_FMN.pdb_PHE331_FMN_Packing_score_-7.067334\n', 'RT -0.0544653 0.946258 0.318795 -0.565528 0.233893 -0.790868 -0.822928 -0.223362 0.522396 -0.505852 2.20691 4.7783  \n']
Hit a duplicate of:
['SINGLE   TYR   CE1   CZ   CE2   LG1   Npro   Fe3p   Npro ###  REMARK _4i7z_HEM.pdb_TYR34_HEM_Packing_score_-1.478694\n', 'RT 0.743507 0.0799847 -0.663928 -0.599227 0.520413 -0.608356 0.296858 0.85016 0.43486 1.1376 10.2005 0.0471106  \n']
Hit a duplicate of:
['SINGLE   LEU   CD1   CG   CD2   LG1   Ntrp   Nhis   aroC ###  REMARK _5gvp_GCF.pdb_LEU124_GCF_Packing_score_-5.153912\n', 'RT 0.27648 -0.825987 0.491228 0.871314 -0.000189292 -0.490725 0.405425 0.56369 0.719642 5.25172 -0.496413 1.99  \n']
Hit a duplicate of:
['SINGLE   TRP   CG   CD2   CE2   LG1   CH2   CH2   CH2 ###  REMARK _6rf3_LFA.pdb_TRP183_LFA_Packing_score_-1.824022\n', 'RT -0.247624 -0.326025 0.912354 0.747609 -0.663263 -0.0341035 0.616249 0.673639 0.407979 -2.28581 -16.3384 5.76271  \n']
Hit a duplicate of:
['SINGLE   TYR   CE1   CZ   CE2   LG1   CH2   CH2   OH ###  REMARK _5meo_EDO.pdb_TYR85_EDO_Packing_score_-1.112418\n', 'RT 0.386389 0.90572 -0.174283 -0.921739 0.385981 -0.037633 0.033185 0.175184 0.983976 -2.46099 -2.17221 -3.01059  \n']
Hit a duplicate of:
['SINGLE   ASN   OD1   CG   ND2   LG1   aroC   Nhis   aroC ###  REMARK _3sn9_ANP.pdb_ASN104_ANP_Packing_score_-2.048484\n', 'RT -0.63478 0.633231 -0.442801 0.560237 0.771845 0.300651 0.532155 -0.0572265 -0.844711 0.567941 3.87487 0.334965  \n']
Hit a duplicate of:
['SINGLE   GLN   OE1   CD   NE2   LG1   aroC   aroC   aroC ###  REMARK _1eli_PYC.pdb_GLN219_PYC_Packing_score_-2.079442\n', 'RT 0.199719 -0.123877 0.971991 -0.114242 -0.988155 -0.102464 0.973171 -0.0905783 -0.211505 -5.09225 -0.110862 -2.84009  \n']
Hit a duplicate of:
['SINGLE   GLU   OE1   CD   OE2   LG1   CH1   CH2   OH ###  REMARK _1w2u_BGC.pdb_GLU120_BGC_Packing_score_-2.189066\n', 'RT 0.590489 0.806458 0.0307946 -0.806313 0.587898 0.0650701 0.0343722 -0.0632533 0.997405 -1.46425 5.59787 0.500369  \n']
Hit a duplicate of:
['SINGLE   ARG   NH1   CZ   NH2   LG1   CH1   CH2   OH ###  REMARK _3l01_GOL.pdb_ARG152_GOL_Packing_score_-1.744805\n', 'RT -0.416354 -0.597862 0.68499 0.909084 -0.285924 0.303009 0.0146971 0.748872 0.662552 -4.57013 -1.92263 -1.47753  \n']
Hit a duplicate of:
['SINGLE   LYS   NZ   CE   CD   LG1   OH   CH2   CH1 ###  REMARK _2nzo_GOL.pdb_LYS62_GOL_Packing_score_-1.212100\n', 'RT -0.990713 -0.113878 0.0742915 0.0724545 0.020192 0.997167 -0.115056 0.993289 -0.0117535 3.6492 2.09537 1.95193  \n']
Hit a duplicate of:
['SINGLE   MET   CG   SD   CE   LG1   OH   CH1   CH2 ###  REMARK _6utm_GOL.pdb_MET128_GOL_Packing_score_-1.358995\n', 'RT 0.67151 -0.548627 0.498079 -0.140995 -0.754498 -0.640979 0.727457 0.360197 -0.584007 4.37955 5.114 0.700384  \n']
Hit a duplicate of:
['SINGLE   GLU   OE1   CD   OE2   LG1   Ntrp   aroC   aroC ###  REMARK _6uxj_FFO.pdb_GLU61_FFO_Packing_score_-1.243913\n', 'RT 0.443519 0.149714 -0.883672 -0.337 -0.885742 -0.319207 -0.830495 0.439371 -0.34239 -2.40616 5.0914 2.30127  \n']
Hit a duplicate of:
['SINGLE   VAL   CG1   CB   CG2   LG1   OH   Phos   OH ###  REMARK _3nl3_TPS.pdb_VAL209_TPS_Packing_score_-2.973160\n', 'RT 0.757792 -0.141928 0.636873 -0.626356 -0.431729 0.649067 0.182836 -0.890767 -0.416058 -2.84566 -0.552169 2.55803  \n']
Hit a duplicate of:
['SINGLE   TYR   CE1   CZ   CE2   LG1   CH1   Ntrp   CH3 ###  REMARK _6f6n_SRE.pdb_TYR517_SRE_Packing_score_-3.386349\n', 'RT 0.192785 0.121276 -0.973718 0.922175 -0.361484 0.137557 -0.335301 -0.924457 -0.181526 1.03991 -1.49139 4.3247  \n']
Hit a duplicate of:
['SINGLE   ASP   OD1   CG   OD2   LG1   aroC   aroC   aroC ###  REMARK _6u36_PVM.pdb_ASP360_PVM_Packing_score_-1.843404\n', 'RT -0.641666 -0.187906 -0.74361 -0.621391 0.695688 0.360405 0.449598 0.693332 -0.563162 6.09288 4.67139 -5.56693  \n']
Hit a duplicate of:
['SINGLE   ARG   NH1   CZ   NH2   LG1   CH1   Nhis   COO ###  REMARK _1jq7_0FP.pdb_ARG1466_0FP_Packing_score_-2.769435\n', 'RT 0.642606 0.553488 0.529819 0.012519 -0.698985 0.715027 0.766094 -0.452848 -0.456101 -3.91115 1.2472 -3.79618  \n']
130000
Hit a duplicate of:
['SINGLE   ILE   CG1   CB   CG2   LG1   CH2   Nhis   CH1 ###  REMARK _3gi0_JG3.pdb_ILE154_JG3_Packing_score_-2.226080\n', 'RT 0.561977 0.166288 -0.810265 -0.241201 -0.904065 -0.352829 -0.791204 0.393718 -0.467955 3.19734 -3.93415 -1.9788  \n']
Hit a duplicate of:
['SINGLE   PHE   CE1   CZ   CE2   LG1   OH   CH1   CH1 ###  REMARK _2fye_BCQ.pdb_PHE67_BCQ_Packing_score_-4.821917\n', 'RT -0.976427 0.157151 0.147965 -0.199731 -0.397916 -0.895416 -0.0818375 -0.903862 0.419924 1.63854 -0.212918 6.39552  \n']
Hit a duplicate of:
['SINGLE   PHE   CE1   CZ   CE2   LG1   aroC   CH2   CH2 ###  REMARK _5esd_TDP.pdb_PHE475_TDP_Packing_score_-2.562465\n', 'RT 0.331616 -0.648047 -0.685614 -0.927622 -0.356394 -0.111804 -0.171894 0.673067 -0.719328 -3.21973 0.667372 2.77135  \n']
Hit a duplicate of:
['SINGLE   ASP   OD1   CG   OD2   LG1   OOC   Phos   OOC ###  REMARK _3l8h_PO4.pdb_ASP9_PO4_Packing_score_-1.464417\n', 'RT -0.481533 -0.506653 0.715143 -0.512577 -0.499068 -0.69871 0.710908 -0.703018 -0.0193808 -2.04337 -1.49989 -3.56009  \n']
Hit a duplicate of:
['SINGLE   GLU   OE1   CD   OE2   LG1   OH   CH1   CH2 ###  REMARK _4pho_GOL.pdb_GLU46_GOL_Packing_score_-1.177401\n', 'RT -0.41622 0.903519 0.102048 -0.888245 -0.428021 0.16679 0.194376 -0.0212225 0.980697 -0.0846262 4.37057 0.39909  \n']
Hit a duplicate of:
['SINGLE   LYS   NZ   CE   CD   LG1   CH1   CH1   OH ###  REMARK _4nug_P6G.pdb_LYS207_P6G_Packing_score_-5.002919\n', 'RT -0.706327 0.222386 -0.672046 0.30406 0.952643 -0.00433183 0.639257 -0.207402 -0.740496 4.98054 -0.542872 0.179238  \n']
Hit a duplicate of:
['SINGLE   LYS   NZ   CE   CD   LG1   CH2   CH2   CH3 ###  REMARK _6tp3_SOG.pdb_LYS213_SOG_Packing_score_-3.412364\n', 'RT -0.0934887 -0.988735 0.116885 -0.99081 0.0808672 -0.108424 0.0977509 -0.125947 -0.987209 -0.938406 8.7237 1.33303  \n']
Hit a duplicate of:
['SINGLE   SER   OG   CB   CA   LG1   OH   CH1   CH2 ###  REMARK _4ysx_FAD.pdb_SER437_FAD_Packing_score_-2.383437\n', 'RT 0.0863187 0.991925 0.0929164 0.226912 0.0712387 -0.971306 -0.970082 0.104926 -0.218931 4.33952 -0.252583 -2.02973  \n']
Hit a duplicate of:
['SINGLE   PRO   CG   CD   NV   LG1   aroC   aroC   aroC ###  REMARK _5zbr_ANP.pdb_PRO14_ANP_Packing_score_-2.439292\n', 'RT 0.578158 0.815142 0.0357325 0.153917 -0.151967 0.976328 0.801276 -0.558972 -0.213325 -1.8297 -3.31101 0.325006  \n']
Hit a duplicate of:
['SINGLE   ARG   NH1   CZ   NH2   LG1   OOC   S   OOC ###  REMARK _6fof_SO4.pdb_ARG151_SO4_Packing_score_-1.113706\n', 'RT -0.114126 0.136003 -0.984113 -0.924104 0.349111 0.155413 0.364701 0.92716 0.0858386 -2.73007 3.63599 0.514185  \n']
Hit a duplicate of:
['SINGLE   LEU   CD1   CG   CD2   LG1   F   aroC   aroC ###  REMARK _3dn1_BCF.pdb_LEU84_BCF_Packing_score_-1.845437\n', 'RT -0.303453 0.502597 -0.809514 -0.649635 -0.730637 -0.210104 -0.697058 0.462132 0.548219 -0.330705 3.32099 -4.57384  \n']
Hit a duplicate of:
['SINGLE   LYS   NZ   CE   CD   LG1   CH1   CH1   CH1 ###  REMARK _6tq9_SOG.pdb_LYS213_SOG_Packing_score_-1.629083\n', 'RT 0.36818 0.927626 -0.0628683 -0.768825 0.34178 0.540458 0.52283 -0.150651 0.839019 3.17047 1.23425 -3.42164  \n']
Hit a duplicate of:
['SINGLE   ASP   OD1   CG   OD2   LG1   OH   CH2   CH1 ###  REMARK _6ub8_GOL.pdb_ASP42_GOL_Packing_score_-1.564499\n', 'RT -0.818517 -0.0666321 0.570605 -0.293157 -0.805748 -0.514616 0.494054 -0.588498 0.639985 -0.53567 2.49045 -3.29171  \n']
Hit a duplicate of:
['SINGLE   THR   OG1   CB   CG2   LG1   aroC   aroC   OOC ###  REMARK _6uhj_CRO.pdb_THR63_CRO_Packing_score_-3.080191\n', 'RT 0.696724 0.682106 -0.222052 -0.66401 0.730373 0.160145 0.271417 0.0358675 0.961793 -1.07515 2.40063 1.78965  \n']
Hit a duplicate of:
['SINGLE   TYR   CE1   CZ   CE2   LG1   CH2   CH1   CH2 ###  REMARK _4udi_GOL.pdb_TYR101_GOL_Packing_score_-1.207504\n', 'RT -0.125386 -0.245352 -0.961291 0.262316 -0.942654 0.20638 -0.956801 -0.226285 0.182555 -4.0986 -1.66389 2.6231  \n']
Hit a duplicate of:
['SINGLE   TRP   CG   CD2   CE2   LG1   Nhis   aroC   aroC ###  REMARK _3fjo_FAD.pdb_TRP656_FAD_Packing_score_-10.448192\n', 'RT -0.946956 0.317361 0.0505508 0.320816 0.942741 0.0911893 -0.0187164 0.10257 -0.99455 0.65108 0.917931 3.38691  \n']
Hit a duplicate of:
